Veloce-1-8 0.66666 16 0 0 0 0 0 0 0 0 0 0 0 0 0 0 0 0;
Veloce-1-7 0.66666 16 0 0 0 0 0 0 0 0 0 0 0 0 0 0 0 0;
Veloce-1-6 0.66666 16 0 0 0 0 0 0 0 0 0 0 0 0 0 0 0 0;
Veloce-1-5 0.66666 16 0 0 0 0 0 0 0 0 0 0 0 0 0 0 0 0;
Veloce-1-4 0.66666 16 0 0 0 0 0 0 0 0 0 0 0 0 0 0 0 0;
Veloce-1-3 0.66666 16 0 0 0 0 0 0 0 0 0 0 0 0 0 0 0 0;
Veloce-1-2 0.66666 16 0 0 0 0 0 0 0 0 0 0 0 0 0 0 0 0;
Veloce-1-1 0.66666 16 0 0 0 0 0 0 0 0 0 0 0 0 0 0 0 0;
Decay-1-8 1 16 0 0 0 0 0 0 0 0 0 0 0 0 0 0 0 0;
Decay-1-7 1 16 0 0 0 0 0 0 0 0 0 0 0 0 0 0 0 0;
Decay-1-6 1 16 0 0 0 0 0 0 0 0 0 0 0 0 0 0 0 0;
Decay-1-5 1 16 0 0 0 0 0 0 0 0 0 0 0 0 0 0 0 0;
Decay-1-4 1 16 0 0 0 0 0 0 0 0 0 0 0 0 0 0 0 0;
Decay-1-3 1 16 0 0 0 0 0 0 0 0 0 0 0 0 0 0 0 0;
Decay-1-2 1 16 0 0 0 0 0 0 0 0 0 0 0 0 0 0 0 0;
Decay-1-1 1 16 0 0 0 0 0 0 0 0 0 0 0 0 0 0 0 0;
Tic-1-8 1 16 0 0 0 0 0 0 0 0 0 0 0 0 0 0 0 0;
Tic-1-7 1 16 0 0 0 0 0 0 0 0 0 0 0 0 0 0 0 0;
Tic-1-6 1 16 0 0 0 0 0 0 0 0 0 0 0 0 0 0 0 0;
Tic-1-5 1 16 0 0 0 0 0 0 0 0 0 0 0 0 0 0 0 0;
Tic-1-4 1 16 0 0 0 0 0 0 0 0 0 0 0 0 0 0 0 0;
Tic-1-3 1 16 0 0 0 0 0 0 0 0 0 0 0 0 0 0 0 0;
Tic-1-2 1 16 0 0 0 0 0 0 0 0 0 0 0 0 0 0 0 0;
Tic-1-1 1 16 0 0 0 0 0 0 0 0 0 0 0 0 0 0 0 0;
Time-1-8 1 16 0 0 0 0 0 0 0 0 0 0 0 0 0 0 0 0;
Time-1-7 1 16 0 0 0 0 0 0 0 0 0 0 0 0 0 0 0 0;
Time-1-6 1 16 0 0 0 0 0 0 0 0 0 0 0 0 0 0 0 0;
Time-1-5 1 16 0 0 0 0 0 0 0 0 0 0 0 0 0 0 0 0;
Time-1-4 1 16 0 0 0 0 0 0 0 0 0 0 0 0 0 0 0 0;
Time-1-3 1 16 0 0 0 0 0 0 0 0 0 0 0 0 0 0 0 0;
Time-1-2 1 16 0 0 0 0 0 0 0 0 0 0 0 0 0 0 0 0;
Time-1-1 1 16 0 0 0 0 0 0 0 0 0 0 0 0 0 0 0 0;
Veloce-9-8 0.66666 16 0 0 0 0 0 0 0 0 0 0 0 0 0 0 0 0;
Veloce-9-7 0.66666 16 0 0 0 0 0 0 0 0 0 0 0 0 0 0 0 0;
Veloce-9-6 0.66666 16 0 0 0 0 0 0 0 0 0 0 0 0 0 0 0 0;
Veloce-9-5 0.66666 16 0 0 0 0 0 0 0 0 0 0 0 0 0 0 0 0;
Veloce-9-4 0.66666 16 0 0 0 0 0 0 0 0 0 0 0 0 0 0 0 0;
Veloce-9-3 0.66666 16 0 0 0 0 0 0 0 0 0 0 0 0 0 0 0 0;
Veloce-9-2 0.66666 16 0 0 0 0 0 0 0 0 0 0 0 0 0 0 0 0;
Veloce-9-1 0.66666 16 0 0 0 0 0 0 0 0 0 0 0 0 0 0 0 0;
Decay-9-8 1 16 0 0 0 0 0 0 0 0 0 0 0 0 0 0 0 0;
Decay-9-7 1 16 0 0 0 0 0 0 0 0 0 0 0 0 0 0 0 0;
Decay-9-6 1 16 0 0 0 0 0 0 0 0 0 0 0 0 0 0 0 0;
Decay-9-5 1 16 0 0 0 0 0 0 0 0 0 0 0 0 0 0 0 0;
Decay-9-4 1 16 0 0 0 0 0 0 0 0 0 0 0 0 0 0 0 0;
Decay-9-3 1 16 0 0 0 0 0 0 0 0 0 0 0 0 0 0 0 0;
Decay-9-2 1 16 0 0 0 0 0 0 0 0 0 0 0 0 0 0 0 0;
Decay-9-1 1 16 0 0 0 0 0 0 0 0 0 0 0 0 0 0 0 0;
Tic-9-8 1 16 0 0 0 0 0 0 0 0 0 0 0 0 0 0 0 0;
Tic-9-7 1 16 0 0 0 0 0 0 0 0 0 0 0 0 0 0 0 0;
Tic-9-6 1 16 0 0 0 0 0 0 0 0 0 0 0 0 0 0 0 0;
Tic-9-5 1 16 0 0 0 0 0 0 0 0 0 0 0 0 0 0 0 0;
Tic-9-4 1 16 0 0 0 0 0 0 0 0 0 0 0 0 0 0 0 0;
Tic-9-3 1 16 0 0 0 0 0 0 0 0 0 0 0 0 0 0 0 0;
Tic-9-2 1 16 0 0 0 0 0 0 0 0 0 0 0 0 0 0 0 0;
Tic-9-1 1 16 0 0 0 0 0 0 0 0 0 0 0 0 0 0 0 0;
Time-9-8 1 16 0 0 0 0 0 0 0 0 0 0 0 0 0 0 0 0;
Time-9-7 1 16 0 0 0 0 0 0 0 0 0 0 0 0 0 0 0 0;
Time-9-6 1 16 0 0 0 0 0 0 0 0 0 0 0 0 0 0 0 0;
Time-9-5 1 16 0 0 0 0 0 0 0 0 0 0 0 0 0 0 0 0;
Time-9-4 1 16 0 0 0 0 0 0 0 0 0 0 0 0 0 0 0 0;
Time-9-3 1 16 0 0 0 0 0 0 0 0 0 0 0 0 0 0 0 0;
Time-9-2 1 16 0 0 0 0 0 0 0 0 0 0 0 0 0 0 0 0;
Time-9-1 1 16 0 0 0 0 0 0 0 0 0 0 0 0 0 0 0 0;
Veloce-4-8 0.66666 16 0 0 0 0 0 0 0 0 0 0 0 0 0 0 0 0;
Veloce-4-7 0.66666 16 0 0 0 0 0 0 0 0 0 0 0 0 0 0 0 0;
Veloce-4-6 0.66666 16 0 0 0 0 0 0 0 0 0 0 0 0 0 0 0 0;
Veloce-4-5 0.66666 16 0 0 0 0 0 0 0 0 0 0 0 0 0 0 0 0;
Veloce-4-4 0.66666 16 0 0 0 0 0 0 0 0 0 0 0 0 0 0 0 0;
Veloce-4-3 0.66666 16 0 0 0 0 0 0 0 0 0 0 0 0 0 0 0 0;
Veloce-4-2 0.66666 16 0 0 0 0 0 0 0 0 0 0 0 0 0 0 0 0;
Veloce-4-1 0.66666 16 0 0 0 0 0 0 0 0 0 0 0 0 0 0 0 0;
Decay-4-8 1 16 0 0 0 0 0 0 0 0 0 0 0 0 0 0 0 0;
Decay-4-7 1 16 0 0 0 0 0 0 0 0 0 0 0 0 0 0 0 0;
Decay-4-6 1 16 0 0 0 0 0 0 0 0 0 0 0 0 0 0 0 0;
Decay-4-5 1 16 0 0 0 0 0 0 0 0 0 0 0 0 0 0 0 0;
Decay-4-4 1 16 0 0 0 0 0 0 0 0 0 0 0 0 0 0 0 0;
Decay-4-3 1 16 0 0 0 0 0 0 0 0 0 0 0 0 0 0 0 0;
Decay-4-2 1 16 0 0 0 0 0 0 0 0 0 0 0 0 0 0 0 0;
Decay-4-1 1 16 0 0 0 0 0 0 0 0 0 0 0 0 0 0 0 0;
Tic-4-8 1 16 0 0 0 0 0 0 0 0 0 0 0 0 0 0 0 0;
Tic-4-7 1 16 0 0 0 0 0 0 0 0 0 0 0 0 0 0 0 0;
Tic-4-6 1 16 0 0 0 0 0 0 0 0 0 0 0 0 0 0 0 0;
Tic-4-5 1 16 0 0 0 0 0 0 0 0 0 0 0 0 0 0 0 0;
Tic-4-4 1 16 0 0 0 0 0 0 0 0 0 0 0 0 0 0 0 0;
Tic-4-3 1 16 0 0 0 0 0 0 0 0 0 0 0 0 0 0 0 0;
Tic-4-2 1 16 0 0 0 0 0 0 0 0 0 0 0 0 0 0 0 0;
Tic-4-1 1 16 0 0 0 0 0 0 0 0 0 0 0 0 0 0 0 0;
Time-4-8 1 16 0 0 0 0 0 0 0 0 0 0 0 0 0 0 0 0;
Time-4-7 1 16 0 0 0 0 0 0 0 0 0 0 0 0 0 0 0 0;
Time-4-6 1 16 0 0 0 0 0 0 0 0 0 0 0 0 0 0 0 0;
Time-4-5 1 16 0 0 0 0 0 0 0 0 0 0 0 0 0 0 0 0;
Time-4-4 1 16 0 0 0 0 0 0 0 0 0 0 0 0 0 0 0 0;
Time-4-3 1 16 0 0 0 0 0 0 0 0 0 0 0 0 0 0 0 0;
Time-4-2 1 16 0 0 0 0 0 0 0 0 0 0 0 0 0 0 0 0;
Time-4-1 1 16 0 0 0 0 0 0 0 0 0 0 0 0 0 0 0 0;
Veloce-8-8 0.66666 16 0 0 0 0 0 0 0 0 0 0 0 0 0 0 0 0;
Veloce-8-7 0.66666 16 0 0 0 0 0 0 0 0 0 0 0 0 0 0 0 0;
Veloce-8-6 0.66666 16 0 0 0 0 0 0 0 0 0 0 0 0 0 0 0 0;
Veloce-8-5 0.66666 16 0 0 0 0 0 0 0 0 0 0 0 0 0 0 0 0;
Veloce-8-4 0.66666 16 0 0 0 0 0 0 0 0 0 0 0 0 0 0 0 0;
Veloce-8-3 0.66666 16 0 0 0 0 0 0 0 0 0 0 0 0 0 0 0 0;
Veloce-8-2 0.66666 16 0 0 0 0 0 0 0 0 0 0 0 0 0 0 0 0;
Veloce-8-1 0.66666 16 0 0 0 0 0 0 0 0 0 0 0 0 0 0 0 0;
Decay-8-8 1 16 0 0 0 0 0 0 0 0 0 0 0 0 0 0 0 0;
Decay-8-7 0.64 16 0 0 0 0 0 0 0 0 0 0 0 0 0 0 0 0;
Decay-8-6 1 16 0 0 0 0 0 0 0 0 0 0 0 0 0 0 0 0;
Decay-8-5 0.48 16 0 0 0 0 0 0 0 0 0 0 0 0 0 0 0 0;
Decay-8-4 1 16 0 0 0 0 0 0 0 0 0 0 0 0 0 0 0 0;
Decay-8-3 0.44 16 0 0 0 0 0 0 0 0 0 0 0 0 0 0 0 0;
Decay-8-2 1 16 0 0 0 0 0 0 0 0 0 0 0 0 0 0 0 0;
Decay-8-1 0.33 16 0 0 0 0 0 0 0 0 0 0 0 0 0 0 0 0;
Tic-8-8 0.9 16 0 0 0 0 0 0 0 0 0 0 0 0 0 0 0 0;
Tic-8-7 1 16 0 0 0 0 0 0 0 0 0 0 0 0 0 0 0 0;
Tic-8-6 0.88 16 0 0 0 0 0 0 0 0 0 0 0 0 0 0 0 0;
Tic-8-5 1 16 0 0 0 0 0 0 0 0 0 0 0 0 0 0 0 0;
Tic-8-4 1 16 0 0 0 0 0 0 0 0 0 0 0 0 0 0 0 0;
Tic-8-3 0.89 16 0 0 0 0 0 0 0 0 0 0 0 0 0 0 0 0;
Tic-8-2 1 16 0 0 0 0 0 0 0 0 0 0 0 0 0 0 0 0;
Tic-8-1 1 16 0 0 0 0 0 0 0 0 0 0 0 0 0 0 0 0;
Time-8-8 0.86 16 0 0 0 0 0 0 0 0 0 0 0 0 0 0 0 0;
Time-8-7 0.42 16 0 0 0 0 0 0 0 0 0 0 0 0 0 0 0 0;
Time-8-6 0.76 16 0 0 0 0 0 0 0 0 0 0 0 0 0 0 0 0;
Time-8-5 1 16 0 0 0 0 0 0 0 0 0 0 0 0 0 0 0 0;
Time-8-4 0.88 16 0 0 0 0 0 0 0 0 0 0 0 0 0 0 0 0;
Time-8-3 0.78 16 0 0 0 0 0 0 0 0 0 0 0 0 0 0 0 0;
Time-8-2 1 16 0 0 0 0 0 0 0 0 0 0 0 0 0 0 0 0;
Time-8-1 0.69 16 0 0 0 0 0 0 0 0 0 0 0 0 0 0 0 0;
Veloce-7-8 0.66666 16 0 0 0 0 0 0 0 0 0 0 0 0 0 0 0 0;
Veloce-7-7 0.66666 16 0 0 0 0 0 0 0 0 0 0 0 0 0 0 0 0;
Veloce-7-6 0.66666 16 0 0 0 0 0 0 0 0 0 0 0 0 0 0 0 0;
Veloce-7-5 0.66666 16 0 0 0 0 0 0 0 0 0 0 0 0 0 0 0 0;
Veloce-7-4 0.66666 16 0 0 0 0 0 0 0 0 0 0 0 0 0 0 0 0;
Veloce-7-3 0.66666 16 0 0 0 0 0 0 0 0 0 0 0 0 0 0 0 0;
Veloce-7-2 0.66666 16 0 0 0 0 0 0 0 0 0 0 0 0 0 0 0 0;
Veloce-7-1 0.66666 16 0 0 0 0 0 0 0 0 0 0 0 0 0 0 0 0;
Decay-7-8 1 16 0 0 0 0 0 0 0 0 0 0 0 0 0 0 0 0;
Decay-7-7 1 16 0 0 0 0 0 0 0 0 0 0 0 0 0 0 0 0;
Decay-7-6 1 16 0 0 0 0 0 0 0 0 0 0 0 0 0 0 0 0;
Decay-7-5 1 16 0 0 0 0 0 0 0 0 0 0 0 0 0 0 0 0;
Decay-7-4 1 16 0 0 0 0 0 0 0 0 0 0 0 0 0 0 0 0;
Decay-7-3 1 16 0 0 0 0 0 0 0 0 0 0 0 0 0 0 0 0;
Decay-7-2 1 16 0 0 0 0 0 0 0 0 0 0 0 0 0 0 0 0;
Decay-7-1 1 16 0 0 0 0 0 0 0 0 0 0 0 0 0 0 0 0;
Tic-7-8 1 16 0 0 0 0 0 0 0 0 0 0 0 0 0 0 0 0;
Tic-7-7 1 16 0 0 0 0 0 0 0 0 0 0 0 0 0 0 0 0;
Tic-7-6 1 16 0 0 0 0 0 0 0 0 0 0 0 0 0 0 0 0;
Tic-7-5 1 16 0 0 0 0 0 0 0 0 0 0 0 0 0 0 0 0;
Tic-7-4 1 16 0 0 0 0 0 0 0 0 0 0 0 0 0 0 0 0;
Tic-7-3 1 16 0 0 0 0 0 0 0 0 0 0 0 0 0 0 0 0;
Tic-7-2 1 16 0 0 0 0 0 0 0 0 0 0 0 0 0 0 0 0;
Tic-7-1 1 16 0 0 0 0 0 0 0 0 0 0 0 0 0 0 0 0;
Time-7-8 1 16 0 0 0 0 0 0 0 0 0 0 0 0 0 0 0 0;
Time-7-7 1 16 0 0 0 0 0 0 0 0 0 0 0 0 0 0 0 0;
Time-7-6 1 16 0 0 0 0 0 0 0 0 0 0 0 0 0 0 0 0;
Time-7-5 1 16 0 0 0 0 0 0 0 0 0 0 0 0 0 0 0 0;
Time-7-4 1 16 0 0 0 0 0 0 0 0 0 0 0 0 0 0 0 0;
Time-7-3 1 16 0 0 0 0 0 0 0 0 0 0 0 0 0 0 0 0;
Time-7-2 1 16 0 0 0 0 0 0 0 0 0 0 0 0 0 0 0 0;
Time-7-1 1 16 0 0 0 0 0 0 0 0 0 0 0 0 0 0 0 0;
Veloce-5-8 0.66666 16 0 0 0 0 0 0 0 0 0 0 0 0 0 0 0 0;
Veloce-5-7 0.66666 16 0 0 0 0 0 0 0 0 0 0 0 0 0 0 0 0;
Veloce-5-6 0.79 16 0 0 0 0 0 0 0 0 0 0 0 0 0 0 0 0;
Veloce-5-5 0.66666 16 0 0 0 0 0 0 0 0 0 0 0 0 0 0 0 0;
Veloce-5-4 0.81 16 0 0 0 0 0 0 0 0 0 0 0 0 0 0 0 0;
Veloce-5-3 0.66666 16 0 0 0 0 0 0 0 0 0 0 0 0 0 0 0 0;
Veloce-5-2 0.85 16 0 0 0 0 0 0 0 0 0 0 0 0 0 0 0 0;
Veloce-5-1 0.66666 16 0 0 0 0 0 0 0 0 0 0 0 0 0 0 0 0;
Decay-5-8 0.08 16 0 0 0 0 0 0 0 0 0 0 0 0 0 0 0 0;
Decay-5-7 1 16 0 0 0 0 0 0 0 0 0 0 0 0 0 0 0 0;
Decay-5-6 0.05 16 0 0 0 0 0 0 0 0 0 0 0 0 0 0 0 0;
Decay-5-5 1 16 0 0 0 0 0 0 0 0 0 0 0 0 0 0 0 0;
Decay-5-4 0.08 16 0 0 0 0 0 0 0 0 0 0 0 0 0 0 0 0;
Decay-5-3 1 16 0 0 0 0 0 0 0 0 0 0 0 0 0 0 0 0;
Decay-5-2 0.08 16 0 0 0 0 0 0 0 0 0 0 0 0 0 0 0 0;
Decay-5-1 1 16 0 0 0 0 0 0 0 0 0 0 0 0 0 0 0 0;
Tic-5-8 0.68 16 0 0 0 0 0 0 0 0 0 0 0 0 0 0 0 0;
Tic-5-7 1 16 0 0 0 0 0 0 0 0 0 0 0 0 0 0 0 0;
Tic-5-6 0.72 16 0 0 0 0 0 0 0 0 0 0 0 0 0 0 0 0;
Tic-5-5 1 16 0 0 0 0 0 0 0 0 0 0 0 0 0 0 0 0;
Tic-5-4 0.83 16 0 0 0 0 0 0 0 0 0 0 0 0 0 0 0 0;
Tic-5-3 1 16 0 0 0 0 0 0 0 0 0 0 0 0 0 0 0 0;
Tic-5-2 0.78 16 0 0 0 0 0 0 0 0 0 0 0 0 0 0 0 0;
Tic-5-1 1 16 0 0 0 0 0 0 0 0 0 0 0 0 0 0 0 0;
Time-5-8 0.64 16 0 0 0 0 0 0 0 0 0 0 0 0 0 0 0 0;
Time-5-7 1 16 0 0 0 0 0 0 0 0 0 0 0 0 0 0 0 0;
Time-5-6 0.340001 16 0 0 0 0 0 0 0 0 0 0 0 0 0 0 0 0;
Time-5-5 0.87 16 0 0 0 0 0 0 0 0 0 0 0 0 0 0 0 0;
Time-5-4 0.56 16 0 0 0 0 0 0 0 0 0 0 0 0 0 0 0 0;
Time-5-3 0.87 16 0 0 0 0 0 0 0 0 0 0 0 0 0 0 0 0;
Time-5-2 0.37 16 0 0 0 0 0 0 0 0 0 0 0 0 0 0 0 0;
Time-5-1 0.87 16 0 0 0 0 0 0 0 0 0 0 0 0 0 0 0 0;
Veloce-6-8 0.66666 16 0 0 0 0 0 0 0 0 0 0 0 0 0 0 0 0;
Veloce-6-7 0.66666 16 0 0 0 0 0 0 0 0 0 0 0 0 0 0 0 0;
Veloce-6-6 0.66666 16 0 0 0 0 0 0 0 0 0 0 0 0 0 0 0 0;
Veloce-6-5 0.66666 16 0 0 0 0 0 0 0 0 0 0 0 0 0 0 0 0;
Veloce-6-4 0.66666 16 0 0 0 0 0 0 0 0 0 0 0 0 0 0 0 0;
Veloce-6-3 0.66666 16 0 0 0 0 0 0 0 0 0 0 0 0 0 0 0 0;
Veloce-6-2 0.66666 16 0 0 0 0 0 0 0 0 0 0 0 0 0 0 0 0;
Veloce-6-1 0.66666 16 0 0 0 0 0 0 0 0 0 0 0 0 0 0 0 0;
Decay-6-8 1 16 0 0 0 0 0 0 0 0 0 0 0 0 0 0 0 0;
Decay-6-7 1 16 0 0 0 0 0 0 0 0 0 0 0 0 0 0 0 0;
Decay-6-6 1 16 0 0 0 0 0 0 0 0 0 0 0 0 0 0 0 0;
Decay-6-5 1 16 0 0 0 0 0 0 0 0 0 0 0 0 0 0 0 0;
Decay-6-4 1 16 0 0 0 0 0 0 0 0 0 0 0 0 0 0 0 0;
Decay-6-3 1 16 0 0 0 0 0 0 0 0 0 0 0 0 0 0 0 0;
Decay-6-2 1 16 0 0 0 0 0 0 0 0 0 0 0 0 0 0 0 0;
Decay-6-1 1 16 0 0 0 0 0 0 0 0 0 0 0 0 0 0 0 0;
Tic-6-8 1 16 0 0 0 0 0 0 0 0 0 0 0 0 0 0 0 0;
Tic-6-7 1 16 0 0 0 0 0 0 0 0 0 0 0 0 0 0 0 0;
Tic-6-6 1 16 0 0 0 0 0 0 0 0 0 0 0 0 0 0 0 0;
Tic-6-5 1 16 0 0 0 0 0 0 0 0 0 0 0 0 0 0 0 0;
Tic-6-4 1 16 0 0 0 0 0 0 0 0 0 0 0 0 0 0 0 0;
Tic-6-3 1 16 0 0 0 0 0 0 0 0 0 0 0 0 0 0 0 0;
Tic-6-2 1 16 0 0 0 0 0 0 0 0 0 0 0 0 0 0 0 0;
Tic-6-1 1 16 0 0 0 0 0 0 0 0 0 0 0 0 0 0 0 0;
Time-6-8 1 16 0 0 0 0 0 0 0 0 0 0 0 0 0 0 0 0;
Time-6-7 1 16 0 0 0 0 0 0 0 0 0 0 0 0 0 0 0 0;
Time-6-6 1 16 0 0 0 0 0 0 0 0 0 0 0 0 0 0 0 0;
Time-6-5 1 16 0 0 0 0 0 0 0 0 0 0 0 0 0 0 0 0;
Time-6-4 1 16 0 0 0 0 0 0 0 0 0 0 0 0 0 0 0 0;
Time-6-3 1 16 0 0 0 0 0 0 0 0 0 0 0 0 0 0 0 0;
Time-6-2 1 16 0 0 0 0 0 0 0 0 0 0 0 0 0 0 0 0;
Time-6-1 1 16 0 0 0 0 0 0 0 0 0 0 0 0 0 0 0 0;
Veloce-3-8 0.43666 16 0 0 0 0 0 0 0 0 0 0 0 0 0 0 0 0;
Veloce-3-7 0.76666 16 0 0 0 0 0 0 0 0 0 0 0 0 0 0 0 0;
Veloce-3-6 0.35666 16 0 0 0 0 0 0 0 0 0 0 0 0 0 0 0 0;
Veloce-3-5 0.88666 16 0 0 0 0 0 0 0 0 0 0 0 0 0 0 0 0;
Veloce-3-4 0.40666 16 0 0 0 0 0 0 0 0 0 0 0 0 0 0 0 0;
Veloce-3-3 0.66666 16 0 0 0 0 0 0 0 0 0 0 0 0 0 0 0 0;
Veloce-3-2 0.38 16 0 0 0 0 0 0 0 0 0 0 0 0 0 0 0 0;
Veloce-3-1 0.89666 16 0 0 0 0 0 0 0 0 0 0 0 0 0 0 0 0;
Decay-3-8 0.24 16 0 0 0 0 0 0 0 0 0 0 0 0 0 0 0 0;
Decay-3-7 1 16 0 0 0 0 0 0 0 0 0 0 0 0 0 0 0 0;
Decay-3-6 0.19 16 0 0 0 0 0 0 0 0 0 0 0 0 0 0 0 0;
Decay-3-5 0.82 16 0 0 0 0 0 0 0 0 0 0 0 0 0 0 0 0;
Decay-3-4 0.25 16 0 0 0 0 0 0 0 0 0 0 0 0 0 0 0 0;
Decay-3-3 0.81 16 0 0 0 0 0 0 0 0 0 0 0 0 0 0 0 0;
Decay-3-2 0.29 16 0 0 0 0 0 0 0 0 0 0 0 0 0 0 0 0;
Decay-3-1 1 16 0 0 0 0 0 0 0 0 0 0 0 0 0 0 0 0;
Tic-3-8 0.68 16 0 0 0 0 0 0 0 0 0 0 0 0 0 0 0 0;
Tic-3-7 0.75 16 0 0 0 0 0 0 0 0 0 0 0 0 0 0 0 0;
Tic-3-6 0.75 16 0 0 0 0 0 0 0 0 0 0 0 0 0 0 0 0;
Tic-3-5 0.69 16 0 0 0 0 0 0 0 0 0 0 0 0 0 0 0 0;
Tic-3-4 0.57 16 0 0 0 0 0 0 0 0 0 0 0 0 0 0 0 0;
Tic-3-3 0.53 16 0 0 0 0 0 0 0 0 0 0 0 0 0 0 0 0;
Tic-3-2 0.81 16 0 0 0 0 0 0 0 0 0 0 0 0 0 0 0 0;
Tic-3-1 0.72 16 0 0 0 0 0 0 0 0 0 0 0 0 0 0 0 0;
Time-3-8 0.6 16 0 0 0 0 0 0 0 0 0 0 0 0 0 0 0 0;
Time-3-7 1 16 0 0 0 0 0 0 0 0 0 0 0 0 0 0 0 0;
Time-3-6 0.39 16 0 0 0 0 0 0 0 0 0 0 0 0 0 0 0 0;
Time-3-5 0.56 16 0 0 0 0 0 0 0 0 0 0 0 0 0 0 0 0;
Time-3-4 0.62 16 0 0 0 0 0 0 0 0 0 0 0 0 0 0 0 0;
Time-3-3 0.0800005 16 0 0 0 0 0 0 0 0 0 0 0 0 0 0 0 0;
Time-3-2 0.84 16 0 0 0 0 0 0 0 0 0 0 0 0 0 0 0 0;
Time-3-1 0.85 16 0 0 0 0 0 0 0 0 0 0 0 0 0 0 0 0;
Veloce-2-8 0.66666 16 0 0 0 0 0 0 0 0 0 0 0 0 0 0 0 0;
Veloce-2-7 0.66 16 0 0 0 0 0 0 0 0 0 0 0 0 0 0 0 0;
Veloce-2-6 0.66666 16 0 0 0 0 0 0 0 0 0 0 0 0 0 0 0 0;
Veloce-2-5 0.23 16 0 0 0 0 0 0 0 0 0 0 0 0 0 0 0 0;
Veloce-2-4 0.66666 16 0 0 0 0 0 0 0 0 0 0 0 0 0 0 0 0;
Veloce-2-3 0.14 16 0 0 0 0 0 0 0 0 0 0 0 0 0 0 0 0;
Veloce-2-2 0.66666 16 0 0 0 0 0 0 0 0 0 0 0 0 0 0 0 0;
Veloce-2-1 0.15 16 0 0 0 0 0 0 0 0 0 0 0 0 0 0 0 0;
Decay-2-8 1 16 0 0 0 0 0 0 0 0 0 0 0 0 0 0 0 0;
Decay-2-7 1 16 0 0 0 0 0 0 0 0 0 0 0 0 0 0 0 0;
Decay-2-6 1 16 0 0 0 0 0 0 0 0 0 0 0 0 0 0 0 0;
Decay-2-5 1 16 0 0 0 0 0 0 0 0 0 0 0 0 0 0 0 0;
Decay-2-4 1 16 0 0 0 0 0 0 0 0 0 0 0 0 0 0 0 0;
Decay-2-3 1 16 0 0 0 0 0 0 0 0 0 0 0 0 0 0 0 0;
Decay-2-2 1 16 0 0 0 0 0 0 0 0 0 0 0 0 0 0 0 0;
Decay-2-1 1 16 0 0 0 0 0 0 0 0 0 0 0 0 0 0 0 0;
Tic-2-8 0.59 16 0 0 0 0 0 0 0 0 0 0 0 0 0 0 0 0;
Tic-2-7 0.89 16 0 0 0 0 0 0 0 0 0 0 0 0 0 0 0 0;
Tic-2-6 0.61 16 0 0 0 0 0 0 0 0 0 0 0 0 0 0 0 0;
Tic-2-5 0.85 16 0 0 0 0 0 0 0 0 0 0 0 0 0 0 0 0;
Tic-2-4 0.61 16 0 0 0 0 0 0 0 0 0 0 0 0 0 0 0 0;
Tic-2-3 0.86 16 0 0 0 0 0 0 0 0 0 0 0 0 0 0 0 0;
Tic-2-2 0.63 16 0 0 0 0 0 0 0 0 0 0 0 0 0 0 0 0;
Tic-2-1 0.85 16 0 0 0 0 0 0 0 0 0 0 0 0 0 0 0 0;
Time-2-8 1 16 0 0 0 0 0 0 0 0 0 0 0 0 0 0 0 0;
Time-2-7 1 16 0 0 0 0 0 0 0 0 0 0 0 0 0 0 0 0;
Time-2-6 1 16 0 0 0 0 0 0 0 0 0 0 0 0 0 0 0 0;
Time-2-5 1 16 0 0 0 0 0 0 0 0 0 0 0 0 0 0 0 0;
Time-2-4 1 16 0 0 0 0 0 0 0 0 0 0 0 0 0 0 0 0;
Time-2-3 1 16 0 0 0 0 0 0 0 0 0 0 0 0 0 0 0 0;
Time-2-2 1 16 0 0 0 0 0 0 0 0 0 0 0 0 0 0 0 0;
Time-2-1 1 16 0 0 0 0 0 0 0 0 0 0 0 0 0 0 0 0;
Veloce-0-8 0.66 16 0 0 0 0 0 0 0 0 0 0 0 0 0 0 0 0;
Veloce-0-7 0.66666 16 0 0 0 0 0 0 0 0 0 0 0 0 0 0 0 0;
Veloce-0-6 0.67 16 0 0 0 0 0 0 0 0 0 0 0 0 0 0 0 0;
Veloce-0-5 0.66666 16 0 0 0 0 0 0 0 0 0 0 0 0 0 0 0 0;
Veloce-0-4 0 16 0 0 0 0 0 0 0 0 0 0 0 0 0 0 0 0;
Veloce-0-3 0.66666 16 0 0 0 0 0 0 0 0 0 0 0 0 0 0 0 0;
Veloce-0-2 0.67 16 0 0 0 0 0 0 0 0 0 0 0 0 0 0 0 0;
Veloce-0-1 0.66666 16 0 0 0 0 0 0 0 0 0 0 0 0 0 0 0 0;
Decay-0-8 0.17 16 0 0 0 0 0 0 0 0 0 0 0 0 0 0 0 0;
Decay-0-7 1 16 0 0 0 0 0 0 0 0 0 0 0 0 0 0 0 0;
Decay-0-6 0.270001 16 0 0 0 0 0 0 0 0 0 0 0 0 0 0 0 0;
Decay-0-5 1 16 0 0 0 0 0 0 0 0 0 0 0 0 0 0 0 0;
Decay-0-4 0.2 16 0 0 0 0 0 0 0 0 0 0 0 0 0 0 0 0;
Decay-0-3 1 16 0 0 0 0 0 0 0 0 0 0 0 0 0 0 0 0;
Decay-0-2 0.180001 16 0 0 0 0 0 0 0 0 0 0 0 0 0 0 0 0;
Decay-0-1 1 16 0 0 0 0 0 0 0 0 0 0 0 0 0 0 0 0;
Tic-0-8 0.13 16 0 0 0 0 0 0 0 0 0 0 0 0 0 0 0 0;
Tic-0-7 1 16 0 0 0 0 0 0 0 0 0 0 0 0 0 0 0 0;
Tic-0-6 1 16 0 0 0 0 0 0 0 0 0 0 0 0 0 0 0 0;
Tic-0-5 1 16 0 0 0 0 0 0 0 0 0 0 0 0 0 0 0 0;
Tic-0-4 1 16 0 0 0 0 0 0 0 0 0 0 0 0 0 0 0 0;
Tic-0-3 1 16 0 0 0 0 0 0 0 0 0 0 0 0 0 0 0 0;
Tic-0-2 1 16 0 0 0 0 0 0 0 0 0 0 0 0 0 0 0 0;
Tic-0-1 1 16 0 0 0 0 0 0 0 0 0 0 0 0 0 0 0 0;
Time-0-8 0.52 16 0 0 0 0 0 0 0 0 0 0 0 0 0 0 0 0;
Time-0-7 1 16 0 0 0 0 0 0 0 0 0 0 0 0 0 0 0 0;
Time-0-6 0.49 16 0 0 0 0 0 0 0 0 0 0 0 0 0 0 0 0;
Time-0-5 1 16 0 0 0 0 0 0 0 0 0 0 0 0 0 0 0 0;
Time-0-4 0.48 16 0 0 0 0 0 0 0 0 0 0 0 0 0 0 0 0;
Time-0-3 1 16 0 0 0 0 0 0 0 0 0 0 0 0 0 0 0 0;
Time-0-2 0.46 16 0 0 0 0 0 0 0 0 0 0 0 0 0 0 0 0;
Time-0-1 1 16 0 0 0 0 0 0 0 0 0 0 0 0 0 0 0 0;
