Inst-1 Veloce-1-2 0.56 16 0.56 0 0 0 0 0 0 0 0 0 0 0 0 0 0 0;
Inst-1 Veloce-1-3 0.13666 16 0.13666 0 0 0 0 0 0 0 0 0 0 0 0 0 0 0
;
Inst-1 Veloce-1-4 0.74 16 0.74 0 0 0 0 0 0 0 0 0 0 0 0 0 0 0;
Inst-1 Veloce-1-8 0.98 16 0.98 0 0 0 0 0 0 0 0 0 0 0 0 0 0 0;
Inst-1 Veloce-1-7 0.16666 16 0.16666 0 0 0 0 0 0 0 0 0 0 0 0 0 0 0
;
Inst-1 Veloce-1-6 0.63 16 0.63 0 0 0 0 0 0 0 0 0 0 0 0 0 0 0;
Inst-1 Veloce-1-5 0.07666 16 0.07666 0 0 0 0 0 0 0 0 0 0 0 0 0 0 0
;
Inst-1 Veloce-1-1 0.18 16 0.18 0 0 0 0 0 0 0 0 0 0 0 0 0 0 0;
Inst-1 Decay-1-2 0.17 16 0.17 0 0 0 0 0 0 0 0 0 0 0 0 0 0 0;
Inst-1 Decay-1-3 1 16 1 0 0 0 0 0 0 0 0 0 0 0 0 0 0 0;
Inst-1 Decay-1-4 0.55 16 0.55 0 0 0 0 0 0 0 0 0 0 0 0 0 0 0;
Inst-1 Decay-1-8 0.0300003 16 0.0300003 0 0 0 0 0 0 0 0 0 0 0 0 0 0
0;
Inst-1 Decay-1-7 1 16 1 0 0 0 0 0 0 0 0 0 0 0 0 0 0 0;
Inst-1 Decay-1-6 0.63 16 0.63 0 0 0 0 0 0 0 0 0 0 0 0 0 0 0;
Inst-1 Decay-1-5 1 16 1 0 0 0 0 0 0 0 0 0 0 0 0 0 0 0;
Inst-1 Decay-1-1 1 16 1 0 0 0 0 0 0 0 0 0 0 0 0 0 0 0;
Inst-1 Tic-1-2 0.58 16 0.58 0 0 0 0 0 0 0 0 0 0 0 0 0 0 0;
Inst-1 Tic-1-3 1 16 1 0 0 0 0 0 0 0 0 0 0 0 0 0 0 0;
Inst-1 Tic-1-4 0.2 16 0.2 0 0 0 0 0 0 0 0 0 0 0 0 0 0 0;
Inst-1 Tic-1-8 1 16 1 0 0 0 0 0 0 0 0 0 0 0 0 0 0 0;
Inst-1 Tic-1-7 1 16 1 0 0 0 0 0 0 0 0 0 0 0 0 0 0 0;
Inst-1 Tic-1-6 1 16 1 0 0 0 0 0 0 0 0 0 0 0 0 0 0 0;
Inst-1 Tic-1-5 1 16 1 0 0 0 0 0 0 0 0 0 0 0 0 0 0 0;
Inst-1 Tic-1-1 0.53 16 0.53 0 0 0 0 0 0 0 0 0 0 0 0 0 0 0;
Inst-1 Time-1-2 0.75 16 0.75 0 0 0 0 0 0 0 0 0 0 0 0 0 0 0;
Inst-1 Time-1-3 1 16 1 0 0 0 0 0 0 0 0 0 0 0 0 0 0 0;
Inst-1 Time-1-4 1 16 1 0 0 0 0 0 0 0 0 0 0 0 0 0 0 0;
Inst-1 Time-1-8 0.86 16 0.86 0 0 0 0 0 0 0 0 0 0 0 0 0 0 0;
Inst-1 Time-1-7 0.9 16 0.9 0 0 0 0 0 0 0 0 0 0 0 0 0 0 0;
Inst-1 Time-1-6 1 16 1 0 0 0 0 0 0 0 0 0 0 0 0 0 0 0;
Inst-1 Time-1-5 0.65 16 0.65 0 0 0 0 0 0 0 0 0 0 0 0 0 0 0;
Inst-1 Time-1-1 1 16 1 0 0 0 0 0 0 0 0 0 0 0 0 0 0 0;
Inst-1 Minuteur-1 0 16 0 0 0 0 0 0 0 0 0 0 0 0 0 0 0 0;
Inst-1 Tmess-1 0 16 0 0 0 0 0 0 0 0 0 0 0 0 0 0 0 0;
Inst-9 Veloce-9-2 0.12666 16 0.12666 0 0 0 0 0 0 0 0 0 0 0 0 0 0 0
;
Inst-9 Veloce-9-3 0.66666 16 0.66666 0 0 0 0 0 0 0 0 0 0 0 0 0 0 0
;
Inst-9 Veloce-9-4 0.13666 16 0.13666 0 0 0 0 0 0 0 0 0 0 0 0 0 0 0
;
Inst-9 Veloce-9-8 0.17666 16 0.17666 0 0 0 0 0 0 0 0 0 0 0 0 0 0 0
;
Inst-9 Veloce-9-7 0.66666 16 0.66666 0 0 0 0 0 0 0 0 0 0 0 0 0 0 0
;
Inst-9 Veloce-9-6 0.19666 16 0.19666 0 0 0 0 0 0 0 0 0 0 0 0 0 0 0
;
Inst-9 Veloce-9-5 0.66666 16 0.66666 0 0 0 0 0 0 0 0 0 0 0 0 0 0 0
;
Inst-9 Veloce-9-1 0.66666 16 0.66666 0 0 0 0 0 0 0 0 0 0 0 0 0 0 0
;
Inst-9 Decay-9-2 1 16 1 0 0 0 0 0 0 0 0 0 0 0 0 0 0 0;
Inst-9 Decay-9-3 0.85 16 0.85 0 0 0 0 0 0 0 0 0 0 0 0 0 0 0;
Inst-9 Decay-9-4 1 16 1 0 0 0 0 0 0 0 0 0 0 0 0 0 0 0;
Inst-9 Decay-9-8 1 16 1 0 0 0 0 0 0 0 0 0 0 0 0 0 0 0;
Inst-9 Decay-9-7 0.7 16 0.7 0 0 0 0 0 0 0 0 0 0 0 0 0 0 0;
Inst-9 Decay-9-6 1 16 1 0 0 0 0 0 0 0 0 0 0 0 0 0 0 0;
Inst-9 Decay-9-5 0.81 16 0.81 0 0 0 0 0 0 0 0 0 0 0 0 0 0 0;
Inst-9 Decay-9-1 1 16 1 0 0 0 0 0 0 0 0 0 0 0 0 0 0 0;
Inst-9 Tic-9-2 0.86 16 0.86 0 0 0 0 0 0 0 0 0 0 0 0 0 0 0;
Inst-9 Tic-9-3 0.7 16 0.7 0 0 0 0 0 0 0 0 0 0 0 0 0 0 0;
Inst-9 Tic-9-4 0.48 16 0.48 0 0 0 0 0 0 0 0 0 0 0 0 0 0 0;
Inst-9 Tic-9-8 0.49 16 0.49 0 0 0 0 0 0 0 0 0 0 0 0 0 0 0;
Inst-9 Tic-9-7 0.01 16 0.01 0 0 0 0 0 0 0 0 0 0 0 0 0 0 0;
Inst-9 Tic-9-6 0.170001 16 0.170001 0 0 0 0 0 0 0 0 0 0 0 0 0 0 0;
Inst-9 Tic-9-5 0.32 16 0.32 0 0 0 0 0 0 0 0 0 0 0 0 0 0 0;
Inst-9 Tic-9-1 1 16 1 0 0 0 0 0 0 0 0 0 0 0 0 0 0 0;
Inst-9 Time-9-2 0.58 16 0.58 0 0 0 0 0 0 0 0 0 0 0 0 0 0 0;
Inst-9 Time-9-3 0.77 16 0.77 0 0 0 0 0 0 0 0 0 0 0 0 0 0 0;
Inst-9 Time-9-4 1 16 1 0 0 0 0 0 0 0 0 0 0 0 0 0 0 0;
Inst-9 Time-9-8 1 16 1 0 0 0 0 0 0 0 0 0 0 0 0 0 0 0;
Inst-9 Time-9-7 0.95 16 0.95 0 0 0 0 0 0 0 0 0 0 0 0 0 0 0;
Inst-9 Time-9-6 1 16 1 0 0 0 0 0 0 0 0 0 0 0 0 0 0 0;
Inst-9 Time-9-5 1 16 1 0 0 0 0 0 0 0 0 0 0 0 0 0 0 0;
Inst-9 Time-9-1 1 16 1 0 0 0 0 0 0 0 0 0 0 0 0 0 0 0;
Inst-9 FX-9 0 16 0 0 0 0 0 0 0 0 0 0 0 0 0 0 0 0;
Inst-9 Tmess-9 0 16 0 0 0 0 0 0 0 0 0 0 0 0 0 0 0 0;
Inst-4 Veloce-4-2 0.66666 16 0.66666 0 0 0 0 0 0 0 0 0 0 0 0 0 0 0
;
Inst-4 Veloce-4-3 0.66666 16 0.66666 0 0 0 0 0 0 0 0 0 0 0 0 0 0 0
;
Inst-4 Veloce-4-4 0.66666 16 0.66666 0 0 0 0 0 0 0 0 0 0 0 0 0 0 0
;
Inst-4 Veloce-4-8 0.66666 16 0.66666 0 0 0 0 0 0 0 0 0 0 0 0 0 0 0
;
Inst-4 Veloce-4-7 0.66666 16 0.66666 0 0 0 0 0 0 0 0 0 0 0 0 0 0 0
;
Inst-4 Veloce-4-6 0.66666 16 0.66666 0 0 0 0 0 0 0 0 0 0 0 0 0 0 0
;
Inst-4 Veloce-4-5 0.66666 16 0.66666 0 0 0 0 0 0 0 0 0 0 0 0 0 0 0
;
Inst-4 Veloce-4-1 0.66666 16 0.66666 0 0 0 0 0 0 0 0 0 0 0 0 0 0 0
;
Inst-4 Decay-4-2 1 16 1 0 0 0 0 0 0 0 0 0 0 0 0 0 0 0;
Inst-4 Decay-4-3 1 16 1 0 0 0 0 0 0 0 0 0 0 0 0 0 0 0;
Inst-4 Decay-4-4 1 16 1 0 0 0 0 0 0 0 0 0 0 0 0 0 0 0;
Inst-4 Decay-4-8 1 16 1 0 0 0 0 0 0 0 0 0 0 0 0 0 0 0;
Inst-4 Decay-4-7 1 16 1 0 0 0 0 0 0 0 0 0 0 0 0 0 0 0;
Inst-4 Decay-4-6 1 16 1 0 0 0 0 0 0 0 0 0 0 0 0 0 0 0;
Inst-4 Decay-4-5 1 16 1 0 0 0 0 0 0 0 0 0 0 0 0 0 0 0;
Inst-4 Decay-4-1 1 16 1 0 0 0 0 0 0 0 0 0 0 0 0 0 0 0;
Inst-4 Tic-4-2 1 16 1 0 0 0 0 0 0 0 0 0 0 0 0 0 0 0;
Inst-4 Tic-4-3 1 16 1 0 0 0 0 0 0 0 0 0 0 0 0 0 0 0;
Inst-4 Tic-4-4 1 16 1 0 0 0 0 0 0 0 0 0 0 0 0 0 0 0;
Inst-4 Tic-4-8 1 16 1 0 0 0 0 0 0 0 0 0 0 0 0 0 0 0;
Inst-4 Tic-4-7 1 16 1 0 0 0 0 0 0 0 0 0 0 0 0 0 0 0;
Inst-4 Tic-4-6 1 16 1 0 0 0 0 0 0 0 0 0 0 0 0 0 0 0;
Inst-4 Tic-4-5 1 16 1 0 0 0 0 0 0 0 0 0 0 0 0 0 0 0;
Inst-4 Tic-4-1 1 16 1 0 0 0 0 0 0 0 0 0 0 0 0 0 0 0;
Inst-4 Time-4-2 0.55 16 0.55 0 0 0 0 0 0 0 0 0 0 0 0 0 0 0;
Inst-4 Time-4-3 1 16 1 0 0 0 0 0 0 0 0 0 0 0 0 0 0 0;
Inst-4 Time-4-4 0.55 16 0.55 0 0 0 0 0 0 0 0 0 0 0 0 0 0 0;
Inst-4 Time-4-8 1 16 1 0 0 0 0 0 0 0 0 0 0 0 0 0 0 0;
Inst-4 Time-4-7 1 16 1 0 0 0 0 0 0 0 0 0 0 0 0 0 0 0;
Inst-4 Time-4-6 0.53 16 0.53 0 0 0 0 0 0 0 0 0 0 0 0 0 0 0;
Inst-4 Time-4-5 1 16 1 0 0 0 0 0 0 0 0 0 0 0 0 0 0 0;
Inst-4 Time-4-1 1 16 1 0 0 0 0 0 0 0 0 0 0 0 0 0 0 0;
Inst-4 FX-4 0 16 0 0 0 0 0 0 0 0 0 0 0 0 0 0 0 0;
Inst-4 Tmess-4 0 16 0 0 0 0 0 0 0 0 0 0 0 0 0 0 0 0;
Inst-8 Veloce-8-2 0.66666 16 0.66666 0 0 0 0 0 0 0 0 0 0 0 0 0 0 0
;
Inst-8 Veloce-8-3 0.66666 16 0.66666 0 0 0 0 0 0 0 0 0 0 0 0 0 0 0
;
Inst-8 Veloce-8-4 0.66666 16 0.66666 0 0 0 0 0 0 0 0 0 0 0 0 0 0 0
;
Inst-8 Veloce-8-8 0.66666 16 0.66666 0 0 0 0 0 0 0 0 0 0 0 0 0 0 0
;
Inst-8 Veloce-8-7 0.66666 16 0.66666 0 0 0 0 0 0 0 0 0 0 0 0 0 0 0
;
Inst-8 Veloce-8-6 0.66666 16 0.66666 0 0 0 0 0 0 0 0 0 0 0 0 0 0 0
;
Inst-8 Veloce-8-5 0.66666 16 0.66666 0 0 0 0 0 0 0 0 0 0 0 0 0 0 0
;
Inst-8 Veloce-8-1 0.66666 16 0.66666 0 0 0 0 0 0 0 0 0 0 0 0 0 0 0
;
Inst-8 Decay-8-2 1 16 1 0 0 0 0 0 0 0 0 0 0 0 0 0 0 0;
Inst-8 Decay-8-3 1 16 1 0 0 0 0 0 0 0 0 0 0 0 0 0 0 0;
Inst-8 Decay-8-4 1 16 1 0 0 0 0 0 0 0 0 0 0 0 0 0 0 0;
Inst-8 Decay-8-8 1 16 1 0 0 0 0 0 0 0 0 0 0 0 0 0 0 0;
Inst-8 Decay-8-7 1 16 1 0 0 0 0 0 0 0 0 0 0 0 0 0 0 0;
Inst-8 Decay-8-6 0.81 16 0.81 0 0 0 0 0 0 0 0 0 0 0 0 0 0 0;
Inst-8 Decay-8-5 1 16 1 0 0 0 0 0 0 0 0 0 0 0 0 0 0 0;
Inst-8 Decay-8-1 1 16 1 0 0 0 0 0 0 0 0 0 0 0 0 0 0 0;
Inst-8 Tic-8-2 0.49 16 0.49 0 0 0 0 0 0 0 0 0 0 0 0 0 0 0;
Inst-8 Tic-8-3 1 16 1 0 0 0 0 0 0 0 0 0 0 0 0 0 0 0;
Inst-8 Tic-8-4 0.45 16 0.45 0 0 0 0 0 0 0 0 0 0 0 0 0 0 0;
Inst-8 Tic-8-8 0.8 16 0.8 0 0 0 0 0 0 0 0 0 0 0 0 0 0 0;
Inst-8 Tic-8-7 1 16 1 0 0 0 0 0 0 0 0 0 0 0 0 0 0 0;
Inst-8 Tic-8-6 0.64 16 0.64 0 0 0 0 0 0 0 0 0 0 0 0 0 0 0;
Inst-8 Tic-8-5 1 16 1 0 0 0 0 0 0 0 0 0 0 0 0 0 0 0;
Inst-8 Tic-8-1 1 16 1 0 0 0 0 0 0 0 0 0 0 0 0 0 0 0;
Inst-8 Time-8-2 0.61 16 0.61 0 0 0 0 0 0 0 0 0 0 0 0 0 0 0;
Inst-8 Time-8-3 1 16 1 0 0 0 0 0 0 0 0 0 0 0 0 0 0 0;
Inst-8 Time-8-4 1 16 1 0 0 0 0 0 0 0 0 0 0 0 0 0 0 0;
Inst-8 Time-8-8 0.83 16 0.83 0 0 0 0 0 0 0 0 0 0 0 0 0 0 0;
Inst-8 Time-8-7 1 16 1 0 0 0 0 0 0 0 0 0 0 0 0 0 0 0;
Inst-8 Time-8-6 0.93 16 0.93 0 0 0 0 0 0 0 0 0 0 0 0 0 0 0;
Inst-8 Time-8-5 1 16 1 0 0 0 0 0 0 0 0 0 0 0 0 0 0 0;
Inst-8 Time-8-1 1 16 1 0 0 0 0 0 0 0 0 0 0 0 0 0 0 0;
Inst-8 Just-8 1 16 1 0 0 0 0 0 0 0 0 0 0 0 0 0 0 0;
Inst-8 Pitch-8 0.5 16 0.5 0 0 0 0 0 0 0 0 0 0 0 0 0 0 0;
Inst-8 Tmess-8 1 16 1 0 0 0 0 0 0 0 0 0 0 0 0 0 0 0;
Inst-7 Veloce-7-2 0 16 0 0 0 0 0 0 0 0 0 0 0 0 0 0 0 0;
Inst-7 Veloce-7-3 0.66666 16 0.66666 0 0 0 0 0 0 0 0 0 0 0 0 0 0 0
;
Inst-7 Veloce-7-4 0.66666 16 0.66666 0 0 0 0 0 0 0 0 0 0 0 0 0 0 0
;
Inst-7 Veloce-7-8 0.66666 16 0.66666 0 0 0 0 0 0 0 0 0 0 0 0 0 0 0
;
Inst-7 Veloce-7-7 0 16 0 0 0 0 0 0 0 0 0 0 0 0 0 0 0 0;
Inst-7 Veloce-7-6 0.66666 16 0.66666 0 0 0 0 0 0 0 0 0 0 0 0 0 0 0
;
Inst-7 Veloce-7-5 0.66666 16 0.66666 0 0 0 0 0 0 0 0 0 0 0 0 0 0 0
;
Inst-7 Veloce-7-1 0 16 0 0 0 0 0 0 0 0 0 0 0 0 0 0 0 0;
Inst-7 Decay-7-2 1 16 1 0 0 0 0 0 0 0 0 0 0 0 0 0 0 0;
Inst-7 Decay-7-3 0.78 16 0.78 0 0 0 0 0 0 0 0 0 0 0 0 0 0 0;
Inst-7 Decay-7-4 1 16 1 0 0 0 0 0 0 0 0 0 0 0 0 0 0 0;
Inst-7 Decay-7-8 1 16 1 0 0 0 0 0 0 0 0 0 0 0 0 0 0 0;
Inst-7 Decay-7-7 0.81 16 0.81 0 0 0 0 0 0 0 0 0 0 0 0 0 0 0;
Inst-7 Decay-7-6 1 16 1 0 0 0 0 0 0 0 0 0 0 0 0 0 0 0;
Inst-7 Decay-7-5 1 16 1 0 0 0 0 0 0 0 0 0 0 0 0 0 0 0;
Inst-7 Decay-7-1 1 16 1 0 0 0 0 0 0 0 0 0 0 0 0 0 0 0;
Inst-7 Tic-7-2 0.8 16 0.8 0 0 0 0 0 0 0 0 0 0 0 0 0 0 0;
Inst-7 Tic-7-3 1 16 1 0 0 0 0 0 0 0 0 0 0 0 0 0 0 0;
Inst-7 Tic-7-4 1 16 1 0 0 0 0 0 0 0 0 0 0 0 0 0 0 0;
Inst-7 Tic-7-8 1 16 1 0 0 0 0 0 0 0 0 0 0 0 0 0 0 0;
Inst-7 Tic-7-7 1 16 1 0 0 0 0 0 0 0 0 0 0 0 0 0 0 0;
Inst-7 Tic-7-6 0.81 16 0.81 0 0 0 0 0 0 0 0 0 0 0 0 0 0 0;
Inst-7 Tic-7-5 1 16 1 0 0 0 0 0 0 0 0 0 0 0 0 0 0 0;
Inst-7 Tic-7-1 1 16 1 0 0 0 0 0 0 0 0 0 0 0 0 0 0 0;
Inst-7 Time-7-2 1 16 1 0 0 0 0 0 0 0 0 0 0 0 0 0 0 0;
Inst-7 Time-7-3 0.76 16 0.76 0 0 0 0 0 0 0 0 0 0 0 0 0 0 0;
Inst-7 Time-7-4 1 16 1 0 0 0 0 0 0 0 0 0 0 0 0 0 0 0;
Inst-7 Time-7-8 1 16 1 0 0 0 0 0 0 0 0 0 0 0 0 0 0 0;
Inst-7 Time-7-7 0.54 16 0.54 0 0 0 0 0 0 0 0 0 0 0 0 0 0 0;
Inst-7 Time-7-6 1 16 1 0 0 0 0 0 0 0 0 0 0 0 0 0 0 0;
Inst-7 Time-7-5 1 16 1 0 0 0 0 0 0 0 0 0 0 0 0 0 0 0;
Inst-7 Time-7-1 1 16 1 0 0 0 0 0 0 0 0 0 0 0 0 0 0 0;
Inst-7 Just-7 1 16 1 0 0 0 0 0 0 0 0 0 0 0 0 0 0 0;
Inst-7 Pitch-7 0.5 16 0.5 0 0 0 0 0 0 0 0 0 0 0 0 0 0 0;
Inst-7 Tmess-7 0 16 0 0 0 0 0 0 0 0 0 0 0 0 0 0 0 0;
Inst-5 Veloce-5-2 0.66666 16 0.66666 0 0 0 0 0 0 0 0 0 0 0 0 0 0 0
;
Inst-5 Veloce-5-3 0.66666 16 0.66666 0 0 0 0 0 0 0 0 0 0 0 0 0 0 0
;
Inst-5 Veloce-5-4 0.66666 16 0.66666 0 0 0 0 0 0 0 0 0 0 0 0 0 0 0
;
Inst-5 Veloce-5-8 0.66666 16 0.66666 0 0 0 0 0 0 0 0 0 0 0 0 0 0 0
;
Inst-5 Veloce-5-7 0.66666 16 0.66666 0 0 0 0 0 0 0 0 0 0 0 0 0 0 0
;
Inst-5 Veloce-5-6 0.66666 16 0.66666 0 0 0 0 0 0 0 0 0 0 0 0 0 0 0
;
Inst-5 Veloce-5-5 0.66666 16 0.66666 0 0 0 0 0 0 0 0 0 0 0 0 0 0 0
;
Inst-5 Veloce-5-1 0.66666 16 0.66666 0 0 0 0 0 0 0 0 0 0 0 0 0 0 0
;
Inst-5 Decay-5-2 1 16 1 0 0 0 0 0 0 0 0 0 0 0 0 0 0 0;
Inst-5 Decay-5-3 1 16 1 0 0 0 0 0 0 0 0 0 0 0 0 0 0 0;
Inst-5 Decay-5-4 1 16 1 0 0 0 0 0 0 0 0 0 0 0 0 0 0 0;
Inst-5 Decay-5-8 1 16 1 0 0 0 0 0 0 0 0 0 0 0 0 0 0 0;
Inst-5 Decay-5-7 1 16 1 0 0 0 0 0 0 0 0 0 0 0 0 0 0 0;
Inst-5 Decay-5-6 1 16 1 0 0 0 0 0 0 0 0 0 0 0 0 0 0 0;
Inst-5 Decay-5-5 1 16 1 0 0 0 0 0 0 0 0 0 0 0 0 0 0 0;
Inst-5 Decay-5-1 1 16 1 0 0 0 0 0 0 0 0 0 0 0 0 0 0 0;
Inst-5 Tic-5-2 1 16 1 0 0 0 0 0 0 0 0 0 0 0 0 0 0 0;
Inst-5 Tic-5-3 0.62 16 0.62 0 0 0 0 0 0 0 0 0 0 0 0 0 0 0;
Inst-5 Tic-5-4 1 16 1 0 0 0 0 0 0 0 0 0 0 0 0 0 0 0;
Inst-5 Tic-5-8 1 16 1 0 0 0 0 0 0 0 0 0 0 0 0 0 0 0;
Inst-5 Tic-5-7 0.63 16 0.63 0 0 0 0 0 0 0 0 0 0 0 0 0 0 0;
Inst-5 Tic-5-6 1 16 1 0 0 0 0 0 0 0 0 0 0 0 0 0 0 0;
Inst-5 Tic-5-5 1 16 1 0 0 0 0 0 0 0 0 0 0 0 0 0 0 0;
Inst-5 Tic-5-1 1 16 1 0 0 0 0 0 0 0 0 0 0 0 0 0 0 0;
Inst-5 Time-5-2 1 16 1 0 0 0 0 0 0 0 0 0 0 0 0 0 0 0;
Inst-5 Time-5-3 1 16 1 0 0 0 0 0 0 0 0 0 0 0 0 0 0 0;
Inst-5 Time-5-4 0.56 16 0.56 0 0 0 0 0 0 0 0 0 0 0 0 0 0 0;
Inst-5 Time-5-8 0.58 16 0.58 0 0 0 0 0 0 0 0 0 0 0 0 0 0 0;
Inst-5 Time-5-7 1 16 1 0 0 0 0 0 0 0 0 0 0 0 0 0 0 0;
Inst-5 Time-5-6 1 16 1 0 0 0 0 0 0 0 0 0 0 0 0 0 0 0;
Inst-5 Time-5-5 1 16 1 0 0 0 0 0 0 0 0 0 0 0 0 0 0 0;
Inst-5 Time-5-1 1 16 1 0 0 0 0 0 0 0 0 0 0 0 0 0 0 0;
Inst-5 Just-5 1 16 1 0 0 0 0 0 0 0 0 0 0 0 0 0 0 0;
Inst-5 Pitch-5 0 16 0 0 0 0 0 0 0 0 0 0 0 0 0 0 0 0;
Inst-5 Tmess-5 0 16 0 0 0 0 0 0 0 0 0 0 0 0 0 0 0 0;
Inst-6 Veloce-6-2 0.67666 16 0.67666 0 0 0 0 0 0 0 0 0 0 0 0 0 0 0
;
Inst-6 Veloce-6-3 0.48666 16 0.48666 0 0 0 0 0 0 0 0 0 0 0 0 0 0 0
;
Inst-6 Veloce-6-4 0.66666 16 0.66666 0 0 0 0 0 0 0 0 0 0 0 0 0 0 0
;
Inst-6 Veloce-6-8 0.67666 16 0.67666 0 0 0 0 0 0 0 0 0 0 0 0 0 0 0
;
Inst-6 Veloce-6-7 0.43666 16 0.43666 0 0 0 0 0 0 0 0 0 0 0 0 0 0 0
;
Inst-6 Veloce-6-6 0.76666 16 0.76666 0 0 0 0 0 0 0 0 0 0 0 0 0 0 0
;
Inst-6 Veloce-6-5 0.49666 16 0.49666 0 0 0 0 0 0 0 0 0 0 0 0 0 0 0
;
Inst-6 Veloce-6-1 0.73666 16 0.73666 0 0 0 0 0 0 0 0 0 0 0 0 0 0 0
;
Inst-6 Decay-6-2 1 16 1 0 0 0 0 0 0 0 0 0 0 0 0 0 0 0;
Inst-6 Decay-6-3 0.38 16 0.38 0 0 0 0 0 0 0 0 0 0 0 0 0 0 0;
Inst-6 Decay-6-4 1 16 1 0 0 0 0 0 0 0 0 0 0 0 0 0 0 0;
Inst-6 Decay-6-8 1 16 1 0 0 0 0 0 0 0 0 0 0 0 0 0 0 0;
Inst-6 Decay-6-7 0.36 16 0.36 0 0 0 0 0 0 0 0 0 0 0 0 0 0 0;
Inst-6 Decay-6-6 1 16 1 0 0 0 0 0 0 0 0 0 0 0 0 0 0 0;
Inst-6 Decay-6-5 0.38 16 0.38 0 0 0 0 0 0 0 0 0 0 0 0 0 0 0;
Inst-6 Decay-6-1 1 16 1 0 0 0 0 0 0 0 0 0 0 0 0 0 0 0;
Inst-6 Tic-6-2 1 16 1 0 0 0 0 0 0 0 0 0 0 0 0 0 0 0;
Inst-6 Tic-6-3 1 16 1 0 0 0 0 0 0 0 0 0 0 0 0 0 0 0;
Inst-6 Tic-6-4 1 16 1 0 0 0 0 0 0 0 0 0 0 0 0 0 0 0;
Inst-6 Tic-6-8 1 16 1 0 0 0 0 0 0 0 0 0 0 0 0 0 0 0;
Inst-6 Tic-6-7 1 16 1 0 0 0 0 0 0 0 0 0 0 0 0 0 0 0;
Inst-6 Tic-6-6 1 16 1 0 0 0 0 0 0 0 0 0 0 0 0 0 0 0;
Inst-6 Tic-6-5 1 16 1 0 0 0 0 0 0 0 0 0 0 0 0 0 0 0;
Inst-6 Tic-6-1 0.460001 16 0.460001 0 0 0 0 0 0 0 0 0 0 0 0 0 0 0;
Inst-6 Time-6-2 0.79 16 0.79 0 0 0 0 0 0 0 0 0 0 0 0 0 0 0;
Inst-6 Time-6-3 0.63 16 0.63 0 0 0 0 0 0 0 0 0 0 0 0 0 0 0;
Inst-6 Time-6-4 0.42 16 0.42 0 0 0 0 0 0 0 0 0 0 0 0 0 0 0;
Inst-6 Time-6-8 0.0499999 16 0.0499999 0 0 0 0 0 0 0 0 0 0 0 0 0 0
0;
Inst-6 Time-6-7 0.83 16 0.83 0 0 0 0 0 0 0 0 0 0 0 0 0 0 0;
Inst-6 Time-6-6 0.21 16 0.21 0 0 0 0 0 0 0 0 0 0 0 0 0 0 0;
Inst-6 Time-6-5 0.71 16 0.71 0 0 0 0 0 0 0 0 0 0 0 0 0 0 0;
Inst-6 Time-6-1 1 16 1 0 0 0 0 0 0 0 0 0 0 0 0 0 0 0;
Inst-6 Just-6 1 16 1 0 0 0 0 0 0 0 0 0 0 0 0 0 0 0;
Inst-6 Pitch-6 0.5 16 0.5 0 0 0 0 0 0 0 0 0 0 0 0 0 0 0;
Inst-6 Tmess-6 0 16 0 0 0 0 0 0 0 0 0 0 0 0 0 0 0 0;
Inst-3 Veloce-3-2 0.92 16 0.92 0 0 0 0 0 0 0 0 0 0 0 0 0 0 0;
Inst-3 Veloce-3-3 0.9 16 0.9 0 0 0 0 0 0 0 0 0 0 0 0 0 0 0;
Inst-3 Veloce-3-4 0.66666 16 0.66666 0 0 0 0 0 0 0 0 0 0 0 0 0 0 0
;
Inst-3 Veloce-3-8 0.66666 16 0.66666 0 0 0 0 0 0 0 0 0 0 0 0 0 0 0
;
Inst-3 Veloce-3-7 0.86 16 0.86 0 0 0 0 0 0 0 0 0 0 0 0 0 0 0;
Inst-3 Veloce-3-6 0.66666 16 0.66666 0 0 0 0 0 0 0 0 0 0 0 0 0 0 0
;
Inst-3 Veloce-3-5 0.92 16 0.92 0 0 0 0 0 0 0 0 0 0 0 0 0 0 0;
Inst-3 Veloce-3-1 0.66666 16 0.66666 0 0 0 0 0 0 0 0 0 0 0 0 0 0 0
;
Inst-3 Decay-3-2 0.72 16 0.72 0 0 0 0 0 0 0 0 0 0 0 0 0 0 0;
Inst-3 Decay-3-3 0.9 16 0.9 0 0 0 0 0 0 0 0 0 0 0 0 0 0 0;
Inst-3 Decay-3-4 0.89 16 0.89 0 0 0 0 0 0 0 0 0 0 0 0 0 0 0;
Inst-3 Decay-3-8 0.91 16 0.91 0 0 0 0 0 0 0 0 0 0 0 0 0 0 0;
Inst-3 Decay-3-7 0.74 16 0.74 0 0 0 0 0 0 0 0 0 0 0 0 0 0 0;
Inst-3 Decay-3-6 0.92 16 0.92 0 0 0 0 0 0 0 0 0 0 0 0 0 0 0;
Inst-3 Decay-3-5 0.72 16 0.72 0 0 0 0 0 0 0 0 0 0 0 0 0 0 0;
Inst-3 Decay-3-1 0.89 16 0.89 0 0 0 0 0 0 0 0 0 0 0 0 0 0 0;
Inst-3 Tic-3-2 0.02 16 0.02 0 0 0 0 0 0 0 0 0 0 0 0 0 0 0;
Inst-3 Tic-3-3 0.39 16 0.39 0 0 0 0 0 0 0 0 0 0 0 0 0 0 0;
Inst-3 Tic-3-4 0 16 0 0 0 0 0 0 0 0 0 0 0 0 0 0 0 0;
Inst-3 Tic-3-8 0 16 0 0 0 0 0 0 0 0 0 0 0 0 0 0 0 0;
Inst-3 Tic-3-7 0.53 16 0.53 0 0 0 0 0 0 0 0 0 0 0 0 0 0 0;
Inst-3 Tic-3-6 0 16 0 0 0 0 0 0 0 0 0 0 0 0 0 0 0 0;
Inst-3 Tic-3-5 1 16 1 0 0 0 0 0 0 0 0 0 0 0 0 0 0 0;
Inst-3 Tic-3-1 1 16 1 0 0 0 0 0 0 0 0 0 0 0 0 0 0 0;
Inst-3 Time-3-2 1 16 1 0 0 0 0 0 0 0 0 0 0 0 0 0 0 0;
Inst-3 Time-3-3 0.360001 16 0.360001 0 0 0 0 0 0 0 0 0 0 0 0 0 0 0
;
Inst-3 Time-3-4 1 16 1 0 0 0 0 0 0 0 0 0 0 0 0 0 0 0;
Inst-3 Time-3-8 1 16 1 0 0 0 0 0 0 0 0 0 0 0 0 0 0 0;
Inst-3 Time-3-7 0.15 16 0.15 0 0 0 0 0 0 0 0 0 0 0 0 0 0 0;
Inst-3 Time-3-6 1 16 1 0 0 0 0 0 0 0 0 0 0 0 0 0 0 0;
Inst-3 Time-3-5 0.54 16 0.54 0 0 0 0 0 0 0 0 0 0 0 0 0 0 0;
Inst-3 Time-3-1 1 16 1 0 0 0 0 0 0 0 0 0 0 0 0 0 0 0;
Inst-3 Just-3 1 16 1 0 0 0 0 0 0 0 0 0 0 0 0 0 0 0;
Inst-3 Pitch-3 0 16 0 0 0 0 0 0 0 0 0 0 0 0 0 0 0 0;
Inst-3 Tmess-3 1 16 1 0 0 0 0 0 0 0 0 0 0 0 0 0 0 0;
Inst-2 Veloce-2-2 0.66666 16 0.66666 0 0 0 0 0 0 0 0 0 0 0 0 0 0 0
;
Inst-2 Veloce-2-3 0 16 0 0 0 0 0 0 0 0 0 0 0 0 0 0 0 0;
Inst-2 Veloce-2-4 0.66666 16 0.66666 0 0 0 0 0 0 0 0 0 0 0 0 0 0 0
;
Inst-2 Veloce-2-8 0.66666 16 0.66666 0 0 0 0 0 0 0 0 0 0 0 0 0 0 0
;
Inst-2 Veloce-2-7 0 16 0 0 0 0 0 0 0 0 0 0 0 0 0 0 0 0;
Inst-2 Veloce-2-6 0.66666 16 0.66666 0 0 0 0 0 0 0 0 0 0 0 0 0 0 0
;
Inst-2 Veloce-2-5 0 16 0 0 0 0 0 0 0 0 0 0 0 0 0 0 0 0;
Inst-2 Veloce-2-1 0 16 0 0 0 0 0 0 0 0 0 0 0 0 0 0 0 0;
Inst-2 Decay-2-2 0.44 16 0.44 0 0 0 0 0 0 0 0 0 0 0 0 0 0 0;
Inst-2 Decay-2-3 1 16 1 0 0 0 0 0 0 0 0 0 0 0 0 0 0 0;
Inst-2 Decay-2-4 0.36 16 0.36 0 0 0 0 0 0 0 0 0 0 0 0 0 0 0;
Inst-2 Decay-2-8 1 16 1 0 0 0 0 0 0 0 0 0 0 0 0 0 0 0;
Inst-2 Decay-2-7 1 16 1 0 0 0 0 0 0 0 0 0 0 0 0 0 0 0;
Inst-2 Decay-2-6 0.29 16 0.29 0 0 0 0 0 0 0 0 0 0 0 0 0 0 0;
Inst-2 Decay-2-5 1 16 1 0 0 0 0 0 0 0 0 0 0 0 0 0 0 0;
Inst-2 Decay-2-1 1 16 1 0 0 0 0 0 0 0 0 0 0 0 0 0 0 0;
Inst-2 Tic-2-2 1 16 1 0 0 0 0 0 0 0 0 0 0 0 0 0 0 0;
Inst-2 Tic-2-3 0.77 16 0.77 0 0 0 0 0 0 0 0 0 0 0 0 0 0 0;
Inst-2 Tic-2-4 1 16 1 0 0 0 0 0 0 0 0 0 0 0 0 0 0 0;
Inst-2 Tic-2-8 1 16 1 0 0 0 0 0 0 0 0 0 0 0 0 0 0 0;
Inst-2 Tic-2-7 0.75 16 0.75 0 0 0 0 0 0 0 0 0 0 0 0 0 0 0;
Inst-2 Tic-2-6 1 16 1 0 0 0 0 0 0 0 0 0 0 0 0 0 0 0;
Inst-2 Tic-2-5 0.74 16 0.74 0 0 0 0 0 0 0 0 0 0 0 0 0 0 0;
Inst-2 Tic-2-1 0.77 16 0.77 0 0 0 0 0 0 0 0 0 0 0 0 0 0 0;
Inst-2 Time-2-2 0.7 16 0.7 0 0 0 0 0 0 0 0 0 0 0 0 0 0 0;
Inst-2 Time-2-3 1 16 1 0 0 0 0 0 0 0 0 0 0 0 0 0 0 0;
Inst-2 Time-2-4 1 16 1 0 0 0 0 0 0 0 0 0 0 0 0 0 0 0;
Inst-2 Time-2-8 1 16 1 0 0 0 0 0 0 0 0 0 0 0 0 0 0 0;
Inst-2 Time-2-7 1 16 1 0 0 0 0 0 0 0 0 0 0 0 0 0 0 0;
Inst-2 Time-2-6 0.64 16 0.64 0 0 0 0 0 0 0 0 0 0 0 0 0 0 0;
Inst-2 Time-2-5 1 16 1 0 0 0 0 0 0 0 0 0 0 0 0 0 0 0;
Inst-2 Time-2-1 1 16 1 0 0 0 0 0 0 0 0 0 0 0 0 0 0 0;
Inst-2 Disto-2 0 16 0 0 0 0 0 0 0 0 0 0 0 0 0 0 0 0;
Inst-2 Prog-2 0 16 0 0 0 0 0 0 0 0 0 0 0 0 0 0 0 0;
Inst-2 Speed-2 4 16 4 0 0 0 0 0 0 0 0 0 0 0 0 0 0 0;
Inst-2 Soft-2 0 16 0 0 0 0 0 0 0 0 0 0 0 0 0 0 0 0;
Inst-2 Pitch-2 0 16 0 0 0 0 0 0 0 0 0 0 0 0 0 0 0 0;
Inst-2 Tmess-2 1 16 1 0 0 0 0 0 0 0 0 0 0 0 0 0 0 0;
Inst-0 Veloce-0-2 0.79 16 0.79 0 0 0 0 0 0 0 0 0 0 0 0 0 0 0;
Inst-0 Veloce-0-3 0.67666 16 0.67666 0 0 0 0 0 0 0 0 0 0 0 0 0 0 0
;
Inst-0 Veloce-0-4 0.57666 16 0.57666 0 0 0 0 0 0 0 0 0 0 0 0 0 0 0
;
Inst-0 Veloce-0-8 0.66666 16 0.66666 0 0 0 0 0 0 0 0 0 0 0 0 0 0 0
;
Inst-0 Veloce-0-7 0.9 16 0.9 0 0 0 0 0 0 0 0 0 0 0 0 0 0 0;
Inst-0 Veloce-0-6 0.74666 16 0.74666 0 0 0 0 0 0 0 0 0 0 0 0 0 0 0
;
Inst-0 Veloce-0-5 0.95 16 0.95 0 0 0 0 0 0 0 0 0 0 0 0 0 0 0;
Inst-0 Veloce-0-1 1 16 1 0 0 0 0 0 0 0 0 0 0 0 0 0 0 0;
Inst-0 Decay-0-2 0.400001 16 0.400001 0 0 0 0 0 0 0 0 0 0 0 0 0 0 0
;
Inst-0 Decay-0-3 0.85 16 0.85 0 0 0 0 0 0 0 0 0 0 0 0 0 0 0;
Inst-0 Decay-0-4 0.55 16 0.55 0 0 0 0 0 0 0 0 0 0 0 0 0 0 0;
Inst-0 Decay-0-8 0.71 16 0.71 0 0 0 0 0 0 0 0 0 0 0 0 0 0 0;
Inst-0 Decay-0-7 1 16 1 0 0 0 0 0 0 0 0 0 0 0 0 0 0 0;
Inst-0 Decay-0-6 0.69 16 0.69 0 0 0 0 0 0 0 0 0 0 0 0 0 0 0;
Inst-0 Decay-0-5 0.86 16 0.86 0 0 0 0 0 0 0 0 0 0 0 0 0 0 0;
Inst-0 Decay-0-1 1 16 1 0 0 0 0 0 0 0 0 0 0 0 0 0 0 0;
Inst-0 Tic-0-2 0 16 0 0 0 0 0 0 0 0 0 0 0 0 0 0 0 0;
Inst-0 Tic-0-3 1 16 1 0 0 0 0 0 0 0 0 0 0 0 0 0 0 0;
Inst-0 Tic-0-4 0 16 0 0 0 0 0 0 0 0 0 0 0 0 0 0 0 0;
Inst-0 Tic-0-8 0 16 0 0 0 0 0 0 0 0 0 0 0 0 0 0 0 0;
Inst-0 Tic-0-7 1 16 1 0 0 0 0 0 0 0 0 0 0 0 0 0 0 0;
Inst-0 Tic-0-6 0 16 0 0 0 0 0 0 0 0 0 0 0 0 0 0 0 0;
Inst-0 Tic-0-5 1 16 1 0 0 0 0 0 0 0 0 0 0 0 0 0 0 0;
Inst-0 Tic-0-1 1 16 1 0 0 0 0 0 0 0 0 0 0 0 0 0 0 0;
Inst-0 Time-0-2 1 16 1 0 0 0 0 0 0 0 0 0 0 0 0 0 0 0;
Inst-0 Time-0-3 1 16 1 0 0 0 0 0 0 0 0 0 0 0 0 0 0 0;
Inst-0 Time-0-4 1 16 1 0 0 0 0 0 0 0 0 0 0 0 0 0 0 0;
Inst-0 Time-0-8 1 16 1 0 0 0 0 0 0 0 0 0 0 0 0 0 0 0;
Inst-0 Time-0-7 1 16 1 0 0 0 0 0 0 0 0 0 0 0 0 0 0 0;
Inst-0 Time-0-6 1 16 1 0 0 0 0 0 0 0 0 0 0 0 0 0 0 0;
Inst-0 Time-0-5 1 16 1 0 0 0 0 0 0 0 0 0 0 0 0 0 0 0;
Inst-0 Time-0-1 1 16 1 0 0 0 0 0 0 0 0 0 0 0 0 0 0 0;
Inst-0 Prog-0 0.74596 16 0.74596 0 0 0 0 0 0 0 0 0 0 0 0 0 0 0;
Inst-0 Speed-0 1 16 1 0 0 0 0 0 0 0 0 0 0 0 0 0 0 0;
Inst-0 Soft-0 0 16 0 0 0 0 0 0 0 0 0 0 0 0 0 0 0 0;
Inst-0 Ternaire-0 0 16 0 0 0 0 0 0 0 0 0 0 0 0 0 0 0 0;
Inst-0 Tmess-0 1 16 1 0 0 0 0 0 0 0 0 0 0 0 0 0 0 0;
seqy-VER-0 128 -23 -31 -35 -38 -34 -25 -16 -13 -13 -18 -26 -35 -47
-57 -62 -62 -59 -50 -44 -43 -38 -17 -1 11 24 40 48 49 52 64 79 86 92
100 103 103 103 106 106 106 106 106 106 106 83 65 55 44 39 33 30 30
30 30 30 30 30 30 19 29 41 48 48 37 21 6 -4 -11 -14 -11 -4 5 14 24
33 43 59 67 68 62 51 40 31 17 5 0 -1 2 5 7 11 17 29 36 39 38 33 25
19 18 18 23 26 31 37 47 54 60 68 72 69 61 47 33 24 16 9 0 -5 -7 -8
-8 -8 -7 -6 -4 -5 -17 16 0 0 0 0 0 0 0 0 0 0 0 0 0 0 0 0 0 0 0 0 0
0 0 0 0 0 0 0 0 0 0 0 0 0 0 0 0 0 0 0 0 0 0 0 0 0 0 0 0 0 0 0 0 0 0
0 0 0 0 0 0 0 0 0 0 0 0 0 0 0 0 0 0 0 0 0 0 0 0 0 0 0 0 0 0 0 0 0 0
0 0 0 0 0 0 0 0 0 0 0 0 0 0 0 0 0 0 0 0 0 0 0 0 0 0 0 0 0 0 0 0 0 0
0 0 0 0 0 0 0 0 0 0 0 0 0 0 0 0 0 0 0 0 0 0 0 0 0 0 0 0 0 0 0 0 0 0
0 0 0 0 0 0 0 0 0 0 0 0 0 0 0 0 0 0 0 0 0 0 0 0 0 0 0 0 0 0 0 0 0 0
0 0 0 0 0 0 0 0 0 0 0 0 0 0 0 0 0 0 0 0 0 0 0 0 0 0 0 0 0 0 0 0 0 0
0 0 0 0 0 0 0 0 0 0 0 0 0 0 0 0 0 0 0 0 0 0 0 0 0 0 0 0 0 0 0 0 0 0
0 0 0 0 0 0 0 0 0 0 0 0 0 0 0 0 0 0 0 0 0 0 0 0 0 0 0 0 0 0 0 0 0 0
0 0 0 0 0 0 0 0 0 0 0 0 0 0 0 0 0 0 0 0 0 0 0 0 0 0 0 0 0 0 0 0 0 0
0 0 0 0 0 0 0 0 0 0 0 0 0 0 0 0 0 0 0 0 0 0 0 0 0 0 0 0 0 0 0 0 0 0
0 0 0 0 0 0 0 0 0 0 0 0 0 0 0 0 0 0 0 0 0 0 0 0 0 0 0 0 0 0 0 0 0 0
0 0 0 0 0 0 0 0 0 0 0 0 0 0 0 0 0 0 0 0 0 0 0 0 0 0 0 0 0 0 0 0 0 0
0 0 0 0 0 0 0 0 0 0 0 0 0 0 0 0 0 0 0 0 0 0 0 0 0 0 0 0 0 0 0 0 0 0
0 0 0 0 0 0 0 0 0 0 0 0 0 0 0 0 0 0 0 0 0 0 0 0 0 0 0 0 0 0 0 0 0 0
0 0 0 0 0 0 0 0 0 0 0 0 0 0 0 0 0 0 0 0 0 0 0 0 0 0 0 0 0 0 0 0 0 0
0 0 0 0 0 0 0 0 0 0 0 0 0 0 0 0 0 0 0 0 0 0 0 0 0 0 0 0 0 0 0 0 0 0
0 0 0 0 0 0 0 0 0 0 0 0 0 0 0 0 0 0 0 0 0 0 0 0 0 0 0 0 0 0 0 0 0 0
0 0 0 0 0 0 0 0 0 0 0 0 0 0 0 0 0 0 0 0 0 0 0 0 0 0 0 0 0 0 0 0 0 0
0 0 0 0 0 0 0 0 0 0 0 0 0 0 0 0 0 0 0 0 0 0 0 0 0 0 0 0 0 0 0 0 0 0
0 0 0 0 0 0 0 0 0 0 0 0 0 0 0 0 0 0 0 0 0 0 0 0 0 0 0 0 0 0 0 0 0 0
0 0 0 0 0 0 0 0 0 0 0 0 0 0 0 0 0 0 0 0 0 0 0 0 0 0 0 0 0 0 0 0 0 0
0 0 0 0 0 0 0 0 0 0 0 0 0 0 0 0 0 0 0 0 0 0 0 0 0 0 0 0 0 0 0 0 0 0
0 0 0 0 0 0 0 0 0 0 0 0 0 0 0 0 0 0 0 0 0 0 0 0 0 0 0 0 0 0 0 0 0 0
0 0 0 0 0 0 0 0 0 0 0 0 0 0 0 0 0 0 0 0 0 0 0 0 0 0 0 0 0 0 0 0 0 0
0 0 0 0 0 0 0 0 0 0 0 0 0 0 0 0 0 0 0 0 0 0 0 0 0 0 0 0 0 0 0 0 0 0
0 0 0 0 0 0 0 0 0 0 0 0 0 0 0 0 0 0 0 0 0 0 0 0 0 0 0 0 0 0 0 0 0 0
0 0 0 0 0 0 0 0 0 0 0 0 0 0 0 0 0 0 0 0 0 0 0 0 0 0 0 0 0 0 0 0 0 0
0 0 0 0 0 0 0 0 0 0 0 0 0 0 0 0 0 0 0 0 0 0 0 0 0 0 0 0 0 0 0 0 0 0
0 0 0 0 0 0 0 0 0 0 0 0 0 0 0 0 0 0 0 0 0 0 0 0 0 0 0 0 0 0 0 0 0 0
0 0 0 0 0 0 0 0 0 0 0 0 0 0 0 0 0 0 0 0 0 0 0 0 0 0 0 0 0 0 0 0 0 0
0 0 0 0 0 0 0 0 0 0 0 0 0 0 0 0 0 0 0 0 0 0 0 0 0 0 0 0 0 0 0 0 0 0
0 0 0 0 0 0 0 0 0 0 0 0 0 0 0 0 0 0 0 0 0 0 0 0 0 0 0 0 0 0 0 0 0 0
0 0 0 0 0 0 0 0 0 0 0 0 0 0 0 0 0 0 0 0 0 0 0 0 0 0 0 0 0 0 0 0 0 0
0 0 0 0 0 0 0 0 0 0 0 0 0 0 0 0 0 0 0 0 0 0 0 0 0 0 0 0 0 0 0 0 0 0
0 0 0 0 0 0 0 0 0 0 0 0 0 0 0 0 0 0 0 0 0 0 0 0 0 0 0 0 0 0 0 0 0 0
0 0 0 0 0 0 0 0 0 0 0 0 0 0 0 0 0 0 0 0 0 0 0 0 0 0 0 0 0 0 0 0 0 0
0 0 0 0 0 0 0 0 0 0 0 0 0 0 0 0 0 0 0 0 0 0 0 0 0 0 0 0 0 0 0 0 0 0
0 0 0 0 0 0 0 0 0 0 0 0 0 0 0 0 0 0 0 0 0 0 0 0 0 0 0 0 0 0 0 0 0 0
0 0 0 0 0 0 0 0 0 0 0 0 0 0 0 0 0 0 0 0 0 0 0 0 0 0 0 0 0 0 0 0 0 0
0 0 0 0 0 0 0 0 0 0 0 0 0 0 0 0 0 0 0 0 0 0 0 0 0 0 0 0 0 0 0 0 0 0
0 0 0 0 0 0 0 0 0 0 0 0 0 0 0 0 0 0 0 0 0 0 0 0 0 0 0 0 0 0 0 0 0 0
0 0 0 0 0 0 0 0 0 0 0 0 0 0 0 0 0 0 0 0 0 0 0 0 0 0 0 0 0 0 0 0 0 0
0 0 0 0 0 0 0 0 0 0 0 0 0 0 0 0 0 0 0 0 0 0 0 0 0 0 0 0 0 0 0 0 0 0
0 0 0 0 0 0 0 0 0 0 0 0 0 0 0 0 0 0 0 0 0 0 0 0 0 0 0 0 0 0 0 0 0 0
0 0 0 0 0 0 0 0 0 0 0 0 0 0 0 0 0 0 0 0 0 0 0 0 0 0 0 0 0 0 0 0 0 0
0 0 0 0 0 0 0 0 0 0 0 0 0 0 0 0 0 0 0 0 0 0 0 0 0 0 0 0 0 0 0 0 0 0
0 0 0 0 0 0 0 0 0 0 0 0 0 0 0 0 0 0 0 0 0 0 0 0 0 0 0 0 0 0 0 0 0 0
0 0 0 0 0 0 0 0 0 0 0 0 0 0 0 0 0 0 0 0 0 0 0 0 0 0 0 0 0 0 0 0 0 0
0 0 0 0 0 0 0 0 0 0 0 0 0 0 0 0 0 0 0 0 0 0 0 0 0 0 0 0 0 0 0 0 0 0
0 0 0 0 0 0 0 0 0 0 0 0 0 0 0 0 0 0 0 0 0 0 0 0 0 0 0 0 0 0 0 0 0 0
0 0 0 0 0 0 0 0 0 0 0 0 0 0 0 0 0 0 0 0 0 0 0 0 0 0 0 0 0 0 0 0 0 0
0 0 0 0 0 0 0 0 0 0 0 0 0 0 0 0 0 0 0 0 0 0 0 0 0 0 0 0 0 0 0 0 0 0
0 0 0 0 0 0 0 0 0 0 0 0 0 0 0 0 0 0 0 0 0 0 0 0 0 0 0 0 0 0 0 0 0 0
0 0 0 0 0 0 0 0 0 0 0 0 0 0 0 0 0 0 0 0 0 0 0 0 0 0 0 0 0 0 0 0 0 0
0 0 0 0 0 0 0 0 0 0 0 0 0 0 0 0 0 0 0 0 0 0 0 0 0 0 0 0 0 0 0 0 0 0
0 0 0 0 0 0 0 0 0 0 0 0 0 0 0 0 0 0 0 0 0 0 0 0 0 0 0 0 0 0 0 0 0 0
0 0 0 0 0 0 0 0 0 0 0 0 0 0 0 0 0 0 0 0 0 0 0 0 0 0 0 0 0 0 0 0 0 0
0 0 0 0 0 0 0 0 0 0 0 0 0 0 0 0 0 0 0 0 0 0 0 0 0 0 0 0 0 0 0 0 0 0
0 0 0 0 0 0 0 0 0 0 0 0 0 0 0 0 0 0 0 0 0 0 0 0 0 0 0 0 0 0 0 0 0 0
0 0 0 0 0 0 0 0 0 0 0 0 0 0 0 0 0 0 0 0 0;
seqx-VER-0 128 -180 -179 -173 -161 -141 -117 -89 -71 -56 -44 -37 -38
-48 -63 -77 -89 -98 -114 -123 -124 -125 -122 -112 -102 -87 -60 -45
-39 -35 -21 -14 -14 -21 -35 -41 -41 -41 -47 -53 -55 -68 -77 -77 -77
-81 -81 -77 -65 -55 -44 -38 -36 -36 -36 -36 -36 -36 -36 -26 -15 6 24
43 58 59 49 34 20 0 -32 -57 -81 -92 -96 -93 -87 -66 -37 -5 8 21 22
18 -4 -30 -54 -72 -89 -100 -102 -104 -105 -90 -71 -55 -42 -40 -54 -78
-96 -113 -138 -155 -161 -169 -174 -174 -170 -147 -114 -80 -52 -36 -35
-36 -42 -50 -68 -80 -99 -116 -134 -148 -157 -165 -170 -171 -179 16
0 0 0 0 0 0 0 0 0 0 0 0 0 0 0 0 0 0 0 0 0 0 0 0 0 0 0 0 0 0 0 0 0 0
0 0 0 0 0 0 0 0 0 0 0 0 0 0 0 0 0 0 0 0 0 0 0 0 0 0 0 0 0 0 0 0 0 0
0 0 0 0 0 0 0 0 0 0 0 0 0 0 0 0 0 0 0 0 0 0 0 0 0 0 0 0 0 0 0 0 0 0
0 0 0 0 0 0 0 0 0 0 0 0 0 0 0 0 0 0 0 0 0 0 0 0 0 0 0 0 0 0 0 0 0 0
0 0 0 0 0 0 0 0 0 0 0 0 0 0 0 0 0 0 0 0 0 0 0 0 0 0 0 0 0 0 0 0 0 0
0 0 0 0 0 0 0 0 0 0 0 0 0 0 0 0 0 0 0 0 0 0 0 0 0 0 0 0 0 0 0 0 0 0
0 0 0 0 0 0 0 0 0 0 0 0 0 0 0 0 0 0 0 0 0 0 0 0 0 0 0 0 0 0 0 0 0 0
0 0 0 0 0 0 0 0 0 0 0 0 0 0 0 0 0 0 0 0 0 0 0 0 0 0 0 0 0 0 0 0 0 0
0 0 0 0 0 0 0 0 0 0 0 0 0 0 0 0 0 0 0 0 0 0 0 0 0 0 0 0 0 0 0 0 0 0
0 0 0 0 0 0 0 0 0 0 0 0 0 0 0 0 0 0 0 0 0 0 0 0 0 0 0 0 0 0 0 0 0 0
0 0 0 0 0 0 0 0 0 0 0 0 0 0 0 0 0 0 0 0 0 0 0 0 0 0 0 0 0 0 0 0 0 0
0 0 0 0 0 0 0 0 0 0 0 0 0 0 0 0 0 0 0 0 0 0 0 0 0 0 0 0 0 0 0 0 0 0
0 0 0 0 0 0 0 0 0 0 0 0 0 0 0 0 0 0 0 0 0 0 0 0 0 0 0 0 0 0 0 0 0 0
0 0 0 0 0 0 0 0 0 0 0 0 0 0 0 0 0 0 0 0 0 0 0 0 0 0 0 0 0 0 0 0 0 0
0 0 0 0 0 0 0 0 0 0 0 0 0 0 0 0 0 0 0 0 0 0 0 0 0 0 0 0 0 0 0 0 0 0
0 0 0 0 0 0 0 0 0 0 0 0 0 0 0 0 0 0 0 0 0 0 0 0 0 0 0 0 0 0 0 0 0 0
0 0 0 0 0 0 0 0 0 0 0 0 0 0 0 0 0 0 0 0 0 0 0 0 0 0 0 0 0 0 0 0 0 0
0 0 0 0 0 0 0 0 0 0 0 0 0 0 0 0 0 0 0 0 0 0 0 0 0 0 0 0 0 0 0 0 0 0
0 0 0 0 0 0 0 0 0 0 0 0 0 0 0 0 0 0 0 0 0 0 0 0 0 0 0 0 0 0 0 0 0 0
0 0 0 0 0 0 0 0 0 0 0 0 0 0 0 0 0 0 0 0 0 0 0 0 0 0 0 0 0 0 0 0 0 0
0 0 0 0 0 0 0 0 0 0 0 0 0 0 0 0 0 0 0 0 0 0 0 0 0 0 0 0 0 0 0 0 0 0
0 0 0 0 0 0 0 0 0 0 0 0 0 0 0 0 0 0 0 0 0 0 0 0 0 0 0 0 0 0 0 0 0 0
0 0 0 0 0 0 0 0 0 0 0 0 0 0 0 0 0 0 0 0 0 0 0 0 0 0 0 0 0 0 0 0 0 0
0 0 0 0 0 0 0 0 0 0 0 0 0 0 0 0 0 0 0 0 0 0 0 0 0 0 0 0 0 0 0 0 0 0
0 0 0 0 0 0 0 0 0 0 0 0 0 0 0 0 0 0 0 0 0 0 0 0 0 0 0 0 0 0 0 0 0 0
0 0 0 0 0 0 0 0 0 0 0 0 0 0 0 0 0 0 0 0 0 0 0 0 0 0 0 0 0 0 0 0 0 0
0 0 0 0 0 0 0 0 0 0 0 0 0 0 0 0 0 0 0 0 0 0 0 0 0 0 0 0 0 0 0 0 0 0
0 0 0 0 0 0 0 0 0 0 0 0 0 0 0 0 0 0 0 0 0 0 0 0 0 0 0 0 0 0 0 0 0 0
0 0 0 0 0 0 0 0 0 0 0 0 0 0 0 0 0 0 0 0 0 0 0 0 0 0 0 0 0 0 0 0 0 0
0 0 0 0 0 0 0 0 0 0 0 0 0 0 0 0 0 0 0 0 0 0 0 0 0 0 0 0 0 0 0 0 0 0
0 0 0 0 0 0 0 0 0 0 0 0 0 0 0 0 0 0 0 0 0 0 0 0 0 0 0 0 0 0 0 0 0 0
0 0 0 0 0 0 0 0 0 0 0 0 0 0 0 0 0 0 0 0 0 0 0 0 0 0 0 0 0 0 0 0 0 0
0 0 0 0 0 0 0 0 0 0 0 0 0 0 0 0 0 0 0 0 0 0 0 0 0 0 0 0 0 0 0 0 0 0
0 0 0 0 0 0 0 0 0 0 0 0 0 0 0 0 0 0 0 0 0 0 0 0 0 0 0 0 0 0 0 0 0 0
0 0 0 0 0 0 0 0 0 0 0 0 0 0 0 0 0 0 0 0 0 0 0 0 0 0 0 0 0 0 0 0 0 0
0 0 0 0 0 0 0 0 0 0 0 0 0 0 0 0 0 0 0 0 0 0 0 0 0 0 0 0 0 0 0 0 0 0
0 0 0 0 0 0 0 0 0 0 0 0 0 0 0 0 0 0 0 0 0 0 0 0 0 0 0 0 0 0 0 0 0 0
0 0 0 0 0 0 0 0 0 0 0 0 0 0 0 0 0 0 0 0 0 0 0 0 0 0 0 0 0 0 0 0 0 0
0 0 0 0 0 0 0 0 0 0 0 0 0 0 0 0 0 0 0 0 0 0 0 0 0 0 0 0 0 0 0 0 0 0
0 0 0 0 0 0 0 0 0 0 0 0 0 0 0 0 0 0 0 0 0 0 0 0 0 0 0 0 0 0 0 0 0 0
0 0 0 0 0 0 0 0 0 0 0 0 0 0 0 0 0 0 0 0 0 0 0 0 0 0 0 0 0 0 0 0 0 0
0 0 0 0 0 0 0 0 0 0 0 0 0 0 0 0 0 0 0 0 0 0 0 0 0 0 0 0 0 0 0 0 0 0
0 0 0 0 0 0 0 0 0 0 0 0 0 0 0 0 0 0 0 0 0 0 0 0 0 0 0 0 0 0 0 0 0 0
0 0 0 0 0 0 0 0 0 0 0 0 0 0 0 0 0 0 0 0 0 0 0 0 0 0 0 0 0 0 0 0 0 0
0 0 0 0 0 0 0 0 0 0 0 0 0 0 0 0 0 0 0 0 0 0 0 0 0 0 0 0 0 0 0 0 0 0
0 0 0 0 0 0 0 0 0 0 0 0 0 0 0 0 0 0 0 0 0 0 0 0 0 0 0 0 0 0 0 0 0 0
0 0 0 0 0 0 0 0 0 0 0 0 0 0 0 0 0 0 0 0 0 0 0 0 0 0 0 0 0 0 0 0 0 0
0 0 0 0 0 0 0 0 0 0 0 0 0 0 0 0 0 0 0 0 0 0 0 0 0 0 0 0 0 0 0 0 0 0
0 0 0 0 0 0 0 0 0 0 0 0 0 0 0 0 0 0 0 0 0 0 0 0 0 0 0 0 0 0 0 0 0 0
0 0 0 0 0 0 0 0 0 0 0 0 0 0 0 0 0 0 0 0 0 0 0 0 0 0 0 0 0 0 0 0 0 0
0 0 0 0 0 0 0 0 0 0 0 0 0 0 0 0 0 0 0 0 0 0 0 0 0 0 0 0 0 0 0 0 0 0
0 0 0 0 0 0 0 0 0 0 0 0 0 0 0 0 0 0 0 0 0 0 0 0 0 0 0 0 0 0 0 0 0 0
0 0 0 0 0 0 0 0 0 0 0 0 0 0 0 0 0 0 0 0 0 0 0 0 0 0 0 0 0 0 0 0 0 0
0 0 0 0 0 0 0 0 0 0 0 0 0 0 0 0 0 0 0 0 0 0 0 0 0 0 0 0 0 0 0 0 0 0
0 0 0 0 0 0 0 0 0 0 0 0 0 0 0 0 0 0 0 0 0 0 0 0 0 0 0 0 0 0 0 0 0 0
0 0 0 0 0 0 0 0 0 0 0 0 0 0 0 0 0 0 0 0 0 0 0 0 0 0 0 0 0 0 0 0 0 0
0 0 0 0 0 0 0 0 0 0 0 0 0 0 0 0 0 0 0 0 0 0 0 0 0 0 0 0 0 0 0 0 0 0
0 0 0 0 0 0 0 0 0 0 0 0 0 0 0 0 0 0 0 0 0 0 0 0 0 0 0 0 0 0 0 0 0 0
0 0 0 0 0 0 0 0 0 0 0 0 0 0 0 0 0 0 0 0 0 0 0 0 0 0 0 0 0 0 0 0 0 0
0 0 0 0 0 0 0 0 0 0 0 0 0 0 0 0 0 0 0 0 0 0 0 0 0 0 0 0 0 0 0 0 0 0
0 0 0 0 0 0 0 0;
seqy-ASP-0 128 -141 -141 -141 -141 -141 -141 -141 -141 -141 -141 -141
-141 -141 -141 -141 -141 -141 -141 -141 -141 -141 -141 -141 -141 -141
-141 -141 -141 -141 -141 -141 -141 -141 -141 -141 -141 -141 -141 -141
-141 -141 -141 -141 -141 -141 -141 -141 -141 -141 -141 -141 -141 -141
-141 -141 -141 -141 -141 -141 -141 -141 -141 -141 -141 -141 -141 -141
-141 -141 -141 -141 -141 -141 -141 -141 -141 -141 -141 -141 -141 -141
-141 -141 -141 -141 -141 -141 -141 -141 -141 -141 -141 -141 -141 -141
-141 -141 -141 -141 -141 -141 -141 -141 -141 -141 -141 -141 -141 -141
-141 -141 -141 -141 -141 -141 -141 -141 -141 -141 -141 -141 -141 -141
-141 -141 -141 -141 -141 16 0 0 0 0 0 0 0 0 0 0 0 0 0 0 0 0 0 0 0 0
0 0 0 0 0 0 0 0 0 0 0 0 0 0 0 0 0 0 0 0 0 0 0 0 0 0 0 0 0 0 0 0 0 0
0 0 0 0 0 0 0 0 0 0 0 0 0 0 0 0 0 0 0 0 0 0 0 0 0 0 0 0 0 0 0 0 0 0
0 0 0 0 0 0 0 0 0 0 0 0 0 0 0 0 0 0 0 0 0 0 0 0 0 0 0 0 0 0 0 0 0 0
0 0 0 0 0 0 0 0 0 0 0 0 0 0 0 0 0 0 0 0 0 0 0 0 0 0 0 0 0 0 0 0 0 0
0 0 0 0 0 0 0 0 0 0 0 0 0 0 0 0 0 0 0 0 0 0 0 0 0 0 0 0 0 0 0 0 0 0
0 0 0 0 0 0 0 0 0 0 0 0 0 0 0 0 0 0 0 0 0 0 0 0 0 0 0 0 0 0 0 0 0 0
0 0 0 0 0 0 0 0 0 0 0 0 0 0 0 0 0 0 0 0 0 0 0 0 0 0 0 0 0 0 0 0 0 0
0 0 0 0 0 0 0 0 0 0 0 0 0 0 0 0 0 0 0 0 0 0 0 0 0 0 0 0 0 0 0 0 0 0
0 0 0 0 0 0 0 0 0 0 0 0 0 0 0 0 0 0 0 0 0 0 0 0 0 0 0 0 0 0 0 0 0 0
0 0 0 0 0 0 0 0 0 0 0 0 0 0 0 0 0 0 0 0 0 0 0 0 0 0 0 0 0 0 0 0 0 0
0 0 0 0 0 0 0 0 0 0 0 0 0 0 0 0 0 0 0 0 0 0 0 0 0 0 0 0 0 0 0 0 0 0
0 0 0 0 0 0 0 0 0 0 0 0 0 0 0 0 0 0 0 0 0 0 0 0 0 0 0 0 0 0 0 0 0 0
0 0 0 0 0 0 0 0 0 0 0 0 0 0 0 0 0 0 0 0 0 0 0 0 0 0 0 0 0 0 0 0 0 0
0 0 0 0 0 0 0 0 0 0 0 0 0 0 0 0 0 0 0 0 0 0 0 0 0 0 0 0 0 0 0 0 0 0
0 0 0 0 0 0 0 0 0 0 0 0 0 0 0 0 0 0 0 0 0 0 0 0 0 0 0 0 0 0 0 0 0 0
0 0 0 0 0 0 0 0 0 0 0 0 0 0 0 0 0 0 0 0 0 0 0 0 0 0 0 0 0 0 0 0 0 0
0 0 0 0 0 0 0 0 0 0 0 0 0 0 0 0 0 0 0 0 0 0 0 0 0 0 0 0 0 0 0 0 0 0
0 0 0 0 0 0 0 0 0 0 0 0 0 0 0 0 0 0 0 0 0 0 0 0 0 0 0 0 0 0 0 0 0 0
0 0 0 0 0 0 0 0 0 0 0 0 0 0 0 0 0 0 0 0 0 0 0 0 0 0 0 0 0 0 0 0 0 0
0 0 0 0 0 0 0 0 0 0 0 0 0 0 0 0 0 0 0 0 0 0 0 0 0 0 0 0 0 0 0 0 0 0
0 0 0 0 0 0 0 0 0 0 0 0 0 0 0 0 0 0 0 0 0 0 0 0 0 0 0 0 0 0 0 0 0 0
0 0 0 0 0 0 0 0 0 0 0 0 0 0 0 0 0 0 0 0 0 0 0 0 0 0 0 0 0 0 0 0 0 0
0 0 0 0 0 0 0 0 0 0 0 0 0 0 0 0 0 0 0 0 0 0 0 0 0 0 0 0 0 0 0 0 0 0
0 0 0 0 0 0 0 0 0 0 0 0 0 0 0 0 0 0 0 0 0 0 0 0 0 0 0 0 0 0 0 0 0 0
0 0 0 0 0 0 0 0 0 0 0 0 0 0 0 0 0 0 0 0 0 0 0 0 0 0 0 0 0 0 0 0 0 0
0 0 0 0 0 0 0 0 0 0 0 0 0 0 0 0 0 0 0 0 0 0 0 0 0 0 0 0 0 0 0 0 0 0
0 0 0 0 0 0 0 0 0 0 0 0 0 0 0 0 0 0 0 0 0 0 0 0 0 0 0 0 0 0 0 0 0 0
0 0 0 0 0 0 0 0 0 0 0 0 0 0 0 0 0 0 0 0 0 0 0 0 0 0 0 0 0 0 0 0 0 0
0 0 0 0 0 0 0 0 0 0 0 0 0 0 0 0 0 0 0 0 0 0 0 0 0 0 0 0 0 0 0 0 0 0
0 0 0 0 0 0 0 0 0 0 0 0 0 0 0 0 0 0 0 0 0 0 0 0 0 0 0 0 0 0 0 0 0 0
0 0 0 0 0 0 0 0 0 0 0 0 0 0 0 0 0 0 0 0 0 0 0 0 0 0 0 0 0 0 0 0 0 0
0 0 0 0 0 0 0 0 0 0 0 0 0 0 0 0 0 0 0 0 0 0 0 0 0 0 0 0 0 0 0 0 0 0
0 0 0 0 0 0 0 0 0 0 0 0 0 0 0 0 0 0 0 0 0 0 0 0 0 0 0 0 0 0 0 0 0 0
0 0 0 0 0 0 0 0 0 0 0 0 0 0 0 0 0 0 0 0 0 0 0 0 0 0 0 0 0 0 0 0 0 0
0 0 0 0 0 0 0 0 0 0 0 0 0 0 0 0 0 0 0 0 0 0 0 0 0 0 0 0 0 0 0 0 0 0
0 0 0 0 0 0 0 0 0 0 0 0 0 0 0 0 0 0 0 0 0 0 0 0 0 0 0 0 0 0 0 0 0 0
0 0 0 0 0 0 0 0 0 0 0 0 0 0 0 0 0 0 0 0 0 0 0 0 0 0 0 0 0 0 0 0 0 0
0 0 0 0 0 0 0 0 0 0 0 0 0 0 0 0 0 0 0 0 0 0 0 0 0 0 0 0 0 0 0 0 0 0
0 0 0 0 0 0 0 0 0 0 0 0 0 0 0 0 0 0 0 0 0 0 0 0 0 0 0 0 0 0 0 0 0 0
0 0 0 0 0 0 0 0 0 0 0 0 0 0 0 0 0 0 0 0 0 0 0 0 0 0 0 0 0 0 0 0 0 0
0 0 0 0 0 0 0 0 0 0 0 0 0 0 0 0 0 0 0 0 0 0 0 0 0 0 0 0 0 0 0 0 0 0
0 0 0 0 0 0 0 0 0 0 0 0 0 0 0 0 0 0 0 0 0 0 0 0 0 0 0 0 0 0 0 0 0 0
0 0 0 0 0 0 0 0 0 0 0 0 0 0 0 0 0 0 0 0 0 0 0 0 0 0 0 0 0 0 0 0 0 0
0 0 0 0 0 0 0 0 0 0 0 0 0 0 0 0 0 0 0 0 0 0 0 0 0 0 0 0 0 0 0 0 0 0
0 0 0 0 0 0 0 0 0 0 0 0 0 0 0 0 0 0 0 0 0 0 0 0 0 0 0 0 0 0 0 0 0 0
0 0 0 0 0 0 0 0 0 0 0 0 0 0 0 0 0 0 0 0 0 0 0 0 0 0 0 0 0 0 0 0 0 0
0 0 0 0 0 0 0 0 0 0 0 0 0 0 0 0 0 0 0 0 0 0 0 0 0 0 0 0 0 0 0 0 0 0
0 0 0 0 0 0 0 0 0 0 0 0 0 0 0 0 0 0 0 0 0 0 0 0 0 0 0 0 0 0 0 0 0 0
0 0 0 0 0 0 0 0 0 0 0 0 0 0 0 0 0 0 0 0 0 0 0 0 0 0 0 0 0 0 0 0 0 0
0 0 0 0 0 0 0 0 0 0 0 0 0 0 0 0 0 0 0 0 0 0 0 0 0 0 0 0 0 0 0 0 0 0
0 0 0 0 0 0 0 0 0 0 0 0 0 0 0 0 0 0 0 0 0 0 0 0 0 0 0 0 0 0 0 0 0 0
0 0 0 0 0 0 0 0 0 0 0 0 0 0 0 0 0 0 0 0 0 0 0 0 0 0 0 0 0 0 0 0 0 0
0 0 0 0 0 0 0 0 0 0 0 0 0 0 0 0 0 0 0 0 0 0 0 0 0 0 0 0 0 0 0 0 0 0
0 0 0 0 0 0 0 0 0 0 0 0 0 0 0 0 0 0 0 0 0 0 0 0 0 0 0 0 0 0 0 0 0 0
0 0 0 0 0 0 0 0 0 0 0 0 0 0 0 0 0 0 0 0 0 0 0 0 0 0 0 0 0 0 0 0 0 0
0 0 0 0 0 0 0 0 0 0 0 0 0 0 0 0 0 0 0 0 0 0 0 0 0 0 0 0 0 0 0 0 0 0
0 0 0 0 0 0 0 0 0 0 0 0 0 0 0 0 0 0 0 0 0 0 0 0 0 0 0 0 0 0 0 0 0 0
0 0 0 0 0 0 0 0 0 0 0 0 0 0 0 0 0 0 0 0 0 0 0 0 0 0 0 0 0 0 0 0 0 0
0 0 0 0 0 0 0 0 0 0 0 0 0 0 0 0 0 0 0 0 0 0 0 0 0 0 0 0 0 0 0 0 0 0
0 0 0 0 0 0 0 0 0 0 0 0 0 0 0 0 0 0 0 0 0 0;
seqx-ASP-0 128 -261 -261 -261 -261 -261 -261 -261 -261 -261 -261 -261
-261 -261 -261 -261 -261 -261 -261 -261 -261 -261 -261 -261 -261 -261
-261 -261 -261 -261 -261 -261 -261 -261 -261 -261 -261 -261 -261 -261
-261 -261 -261 -261 -261 -261 -261 -261 -261 -261 -261 -261 -261 -261
-261 -261 -261 -261 -261 -261 -261 -261 -261 -261 -261 -261 -261 -261
-261 -261 -261 -261 -261 -261 -261 -261 -261 -261 -261 -261 -261 -261
-261 -261 -261 -261 -261 -261 -261 -261 -261 -261 -261 -261 -261 -261
-261 -261 -261 -261 -261 -261 -261 -261 -261 -261 -261 -261 -261 -261
-261 -261 -261 -261 -261 -261 -261 -261 -261 -261 -261 -261 -261 -261
-261 -261 -261 -261 -261 16 0 0 0 0 0 0 0 0 0 0 0 0 0 0 0 0 0 0 0 0
0 0 0 0 0 0 0 0 0 0 0 0 0 0 0 0 0 0 0 0 0 0 0 0 0 0 0 0 0 0 0 0 0 0
0 0 0 0 0 0 0 0 0 0 0 0 0 0 0 0 0 0 0 0 0 0 0 0 0 0 0 0 0 0 0 0 0 0
0 0 0 0 0 0 0 0 0 0 0 0 0 0 0 0 0 0 0 0 0 0 0 0 0 0 0 0 0 0 0 0 0 0
0 0 0 0 0 0 0 0 0 0 0 0 0 0 0 0 0 0 0 0 0 0 0 0 0 0 0 0 0 0 0 0 0 0
0 0 0 0 0 0 0 0 0 0 0 0 0 0 0 0 0 0 0 0 0 0 0 0 0 0 0 0 0 0 0 0 0 0
0 0 0 0 0 0 0 0 0 0 0 0 0 0 0 0 0 0 0 0 0 0 0 0 0 0 0 0 0 0 0 0 0 0
0 0 0 0 0 0 0 0 0 0 0 0 0 0 0 0 0 0 0 0 0 0 0 0 0 0 0 0 0 0 0 0 0 0
0 0 0 0 0 0 0 0 0 0 0 0 0 0 0 0 0 0 0 0 0 0 0 0 0 0 0 0 0 0 0 0 0 0
0 0 0 0 0 0 0 0 0 0 0 0 0 0 0 0 0 0 0 0 0 0 0 0 0 0 0 0 0 0 0 0 0 0
0 0 0 0 0 0 0 0 0 0 0 0 0 0 0 0 0 0 0 0 0 0 0 0 0 0 0 0 0 0 0 0 0 0
0 0 0 0 0 0 0 0 0 0 0 0 0 0 0 0 0 0 0 0 0 0 0 0 0 0 0 0 0 0 0 0 0 0
0 0 0 0 0 0 0 0 0 0 0 0 0 0 0 0 0 0 0 0 0 0 0 0 0 0 0 0 0 0 0 0 0 0
0 0 0 0 0 0 0 0 0 0 0 0 0 0 0 0 0 0 0 0 0 0 0 0 0 0 0 0 0 0 0 0 0 0
0 0 0 0 0 0 0 0 0 0 0 0 0 0 0 0 0 0 0 0 0 0 0 0 0 0 0 0 0 0 0 0 0 0
0 0 0 0 0 0 0 0 0 0 0 0 0 0 0 0 0 0 0 0 0 0 0 0 0 0 0 0 0 0 0 0 0 0
0 0 0 0 0 0 0 0 0 0 0 0 0 0 0 0 0 0 0 0 0 0 0 0 0 0 0 0 0 0 0 0 0 0
0 0 0 0 0 0 0 0 0 0 0 0 0 0 0 0 0 0 0 0 0 0 0 0 0 0 0 0 0 0 0 0 0 0
0 0 0 0 0 0 0 0 0 0 0 0 0 0 0 0 0 0 0 0 0 0 0 0 0 0 0 0 0 0 0 0 0 0
0 0 0 0 0 0 0 0 0 0 0 0 0 0 0 0 0 0 0 0 0 0 0 0 0 0 0 0 0 0 0 0 0 0
0 0 0 0 0 0 0 0 0 0 0 0 0 0 0 0 0 0 0 0 0 0 0 0 0 0 0 0 0 0 0 0 0 0
0 0 0 0 0 0 0 0 0 0 0 0 0 0 0 0 0 0 0 0 0 0 0 0 0 0 0 0 0 0 0 0 0 0
0 0 0 0 0 0 0 0 0 0 0 0 0 0 0 0 0 0 0 0 0 0 0 0 0 0 0 0 0 0 0 0 0 0
0 0 0 0 0 0 0 0 0 0 0 0 0 0 0 0 0 0 0 0 0 0 0 0 0 0 0 0 0 0 0 0 0 0
0 0 0 0 0 0 0 0 0 0 0 0 0 0 0 0 0 0 0 0 0 0 0 0 0 0 0 0 0 0 0 0 0 0
0 0 0 0 0 0 0 0 0 0 0 0 0 0 0 0 0 0 0 0 0 0 0 0 0 0 0 0 0 0 0 0 0 0
0 0 0 0 0 0 0 0 0 0 0 0 0 0 0 0 0 0 0 0 0 0 0 0 0 0 0 0 0 0 0 0 0 0
0 0 0 0 0 0 0 0 0 0 0 0 0 0 0 0 0 0 0 0 0 0 0 0 0 0 0 0 0 0 0 0 0 0
0 0 0 0 0 0 0 0 0 0 0 0 0 0 0 0 0 0 0 0 0 0 0 0 0 0 0 0 0 0 0 0 0 0
0 0 0 0 0 0 0 0 0 0 0 0 0 0 0 0 0 0 0 0 0 0 0 0 0 0 0 0 0 0 0 0 0 0
0 0 0 0 0 0 0 0 0 0 0 0 0 0 0 0 0 0 0 0 0 0 0 0 0 0 0 0 0 0 0 0 0 0
0 0 0 0 0 0 0 0 0 0 0 0 0 0 0 0 0 0 0 0 0 0 0 0 0 0 0 0 0 0 0 0 0 0
0 0 0 0 0 0 0 0 0 0 0 0 0 0 0 0 0 0 0 0 0 0 0 0 0 0 0 0 0 0 0 0 0 0
0 0 0 0 0 0 0 0 0 0 0 0 0 0 0 0 0 0 0 0 0 0 0 0 0 0 0 0 0 0 0 0 0 0
0 0 0 0 0 0 0 0 0 0 0 0 0 0 0 0 0 0 0 0 0 0 0 0 0 0 0 0 0 0 0 0 0 0
0 0 0 0 0 0 0 0 0 0 0 0 0 0 0 0 0 0 0 0 0 0 0 0 0 0 0 0 0 0 0 0 0 0
0 0 0 0 0 0 0 0 0 0 0 0 0 0 0 0 0 0 0 0 0 0 0 0 0 0 0 0 0 0 0 0 0 0
0 0 0 0 0 0 0 0 0 0 0 0 0 0 0 0 0 0 0 0 0 0 0 0 0 0 0 0 0 0 0 0 0 0
0 0 0 0 0 0 0 0 0 0 0 0 0 0 0 0 0 0 0 0 0 0 0 0 0 0 0 0 0 0 0 0 0 0
0 0 0 0 0 0 0 0 0 0 0 0 0 0 0 0 0 0 0 0 0 0 0 0 0 0 0 0 0 0 0 0 0 0
0 0 0 0 0 0 0 0 0 0 0 0 0 0 0 0 0 0 0 0 0 0 0 0 0 0 0 0 0 0 0 0 0 0
0 0 0 0 0 0 0 0 0 0 0 0 0 0 0 0 0 0 0 0 0 0 0 0 0 0 0 0 0 0 0 0 0 0
0 0 0 0 0 0 0 0 0 0 0 0 0 0 0 0 0 0 0 0 0 0 0 0 0 0 0 0 0 0 0 0 0 0
0 0 0 0 0 0 0 0 0 0 0 0 0 0 0 0 0 0 0 0 0 0 0 0 0 0 0 0 0 0 0 0 0 0
0 0 0 0 0 0 0 0 0 0 0 0 0 0 0 0 0 0 0 0 0 0 0 0 0 0 0 0 0 0 0 0 0 0
0 0 0 0 0 0 0 0 0 0 0 0 0 0 0 0 0 0 0 0 0 0 0 0 0 0 0 0 0 0 0 0 0 0
0 0 0 0 0 0 0 0 0 0 0 0 0 0 0 0 0 0 0 0 0 0 0 0 0 0 0 0 0 0 0 0 0 0
0 0 0 0 0 0 0 0 0 0 0 0 0 0 0 0 0 0 0 0 0 0 0 0 0 0 0 0 0 0 0 0 0 0
0 0 0 0 0 0 0 0 0 0 0 0 0 0 0 0 0 0 0 0 0 0 0 0 0 0 0 0 0 0 0 0 0 0
0 0 0 0 0 0 0 0 0 0 0 0 0 0 0 0 0 0 0 0 0 0 0 0 0 0 0 0 0 0 0 0 0 0
0 0 0 0 0 0 0 0 0 0 0 0 0 0 0 0 0 0 0 0 0 0 0 0 0 0 0 0 0 0 0 0 0 0
0 0 0 0 0 0 0 0 0 0 0 0 0 0 0 0 0 0 0 0 0 0 0 0 0 0 0 0 0 0 0 0 0 0
0 0 0 0 0 0 0 0 0 0 0 0 0 0 0 0 0 0 0 0 0 0 0 0 0 0 0 0 0 0 0 0 0 0
0 0 0 0 0 0 0 0 0 0 0 0 0 0 0 0 0 0 0 0 0 0 0 0 0 0 0 0 0 0 0 0 0 0
0 0 0 0 0 0 0 0 0 0 0 0 0 0 0 0 0 0 0 0 0 0 0 0 0 0 0 0 0 0 0 0 0 0
0 0 0 0 0 0 0 0 0 0 0 0 0 0 0 0 0 0 0 0 0 0 0 0 0 0 0 0 0 0 0 0 0 0
0 0 0 0 0 0 0 0 0 0 0 0 0 0 0 0 0 0 0 0 0 0 0 0 0 0 0 0 0 0 0 0 0 0
0 0 0 0 0 0 0 0 0 0 0 0 0 0 0 0 0 0 0 0 0 0 0 0 0 0 0 0 0 0 0 0 0 0
0 0 0 0 0 0 0 0 0 0 0 0 0 0 0 0 0 0 0 0 0 0 0 0 0 0 0 0 0 0 0 0 0 0
0 0 0 0 0 0 0 0 0 0 0 0 0 0 0 0 0 0 0 0 0 0 0 0 0 0 0 0 0 0 0 0 0 0
0 0 0 0 0 0 0 0 0 0 0 0 0 0 0 0 0 0 0 0 0 0;
seqy-REG-0 128 -141 -141 -141 -141 -141 -141 -141 -141 -141 -141 -141
-141 -141 -141 -141 -141 -141 -141 -141 -141 -141 -141 -141 -141 -141
-141 -141 -141 -141 -141 -141 -141 -141 -141 -141 -141 -141 -141 -141
-141 -141 -141 -141 -141 -141 -141 -141 -141 -141 -141 -141 -141 -141
-141 -141 -141 -141 -141 -141 -141 -141 -141 -141 -141 -141 -141 -141
-141 -141 -141 -141 -141 -141 -141 -141 -141 -141 -141 -141 -141 -141
-141 -141 -141 -141 -141 -141 -141 -141 -141 -141 -141 -141 -141 -141
-141 -141 -141 -141 -141 -141 -141 -141 -141 -141 -141 -141 -141 -141
-141 -141 -141 -141 -141 -141 -141 -141 -141 -141 -141 -141 -141 -141
-141 -141 -141 -141 -141 16 0 0 0 0 0 0 0 0 0 0 0 0 0 0 0 0 0 0 0 0
0 0 0 0 0 0 0 0 0 0 0 0 0 0 0 0 0 0 0 0 0 0 0 0 0 0 0 0 0 0 0 0 0 0
0 0 0 0 0 0 0 0 0 0 0 0 0 0 0 0 0 0 0 0 0 0 0 0 0 0 0 0 0 0 0 0 0 0
0 0 0 0 0 0 0 0 0 0 0 0 0 0 0 0 0 0 0 0 0 0 0 0 0 0 0 0 0 0 0 0 0 0
0 0 0 0 0 0 0 0 0 0 0 0 0 0 0 0 0 0 0 0 0 0 0 0 0 0 0 0 0 0 0 0 0 0
0 0 0 0 0 0 0 0 0 0 0 0 0 0 0 0 0 0 0 0 0 0 0 0 0 0 0 0 0 0 0 0 0 0
0 0 0 0 0 0 0 0 0 0 0 0 0 0 0 0 0 0 0 0 0 0 0 0 0 0 0 0 0 0 0 0 0 0
0 0 0 0 0 0 0 0 0 0 0 0 0 0 0 0 0 0 0 0 0 0 0 0 0 0 0 0 0 0 0 0 0 0
0 0 0 0 0 0 0 0 0 0 0 0 0 0 0 0 0 0 0 0 0 0 0 0 0 0 0 0 0 0 0 0 0 0
0 0 0 0 0 0 0 0 0 0 0 0 0 0 0 0 0 0 0 0 0 0 0 0 0 0 0 0 0 0 0 0 0 0
0 0 0 0 0 0 0 0 0 0 0 0 0 0 0 0 0 0 0 0 0 0 0 0 0 0 0 0 0 0 0 0 0 0
0 0 0 0 0 0 0 0 0 0 0 0 0 0 0 0 0 0 0 0 0 0 0 0 0 0 0 0 0 0 0 0 0 0
0 0 0 0 0 0 0 0 0 0 0 0 0 0 0 0 0 0 0 0 0 0 0 0 0 0 0 0 0 0 0 0 0 0
0 0 0 0 0 0 0 0 0 0 0 0 0 0 0 0 0 0 0 0 0 0 0 0 0 0 0 0 0 0 0 0 0 0
0 0 0 0 0 0 0 0 0 0 0 0 0 0 0 0 0 0 0 0 0 0 0 0 0 0 0 0 0 0 0 0 0 0
0 0 0 0 0 0 0 0 0 0 0 0 0 0 0 0 0 0 0 0 0 0 0 0 0 0 0 0 0 0 0 0 0 0
0 0 0 0 0 0 0 0 0 0 0 0 0 0 0 0 0 0 0 0 0 0 0 0 0 0 0 0 0 0 0 0 0 0
0 0 0 0 0 0 0 0 0 0 0 0 0 0 0 0 0 0 0 0 0 0 0 0 0 0 0 0 0 0 0 0 0 0
0 0 0 0 0 0 0 0 0 0 0 0 0 0 0 0 0 0 0 0 0 0 0 0 0 0 0 0 0 0 0 0 0 0
0 0 0 0 0 0 0 0 0 0 0 0 0 0 0 0 0 0 0 0 0 0 0 0 0 0 0 0 0 0 0 0 0 0
0 0 0 0 0 0 0 0 0 0 0 0 0 0 0 0 0 0 0 0 0 0 0 0 0 0 0 0 0 0 0 0 0 0
0 0 0 0 0 0 0 0 0 0 0 0 0 0 0 0 0 0 0 0 0 0 0 0 0 0 0 0 0 0 0 0 0 0
0 0 0 0 0 0 0 0 0 0 0 0 0 0 0 0 0 0 0 0 0 0 0 0 0 0 0 0 0 0 0 0 0 0
0 0 0 0 0 0 0 0 0 0 0 0 0 0 0 0 0 0 0 0 0 0 0 0 0 0 0 0 0 0 0 0 0 0
0 0 0 0 0 0 0 0 0 0 0 0 0 0 0 0 0 0 0 0 0 0 0 0 0 0 0 0 0 0 0 0 0 0
0 0 0 0 0 0 0 0 0 0 0 0 0 0 0 0 0 0 0 0 0 0 0 0 0 0 0 0 0 0 0 0 0 0
0 0 0 0 0 0 0 0 0 0 0 0 0 0 0 0 0 0 0 0 0 0 0 0 0 0 0 0 0 0 0 0 0 0
0 0 0 0 0 0 0 0 0 0 0 0 0 0 0 0 0 0 0 0 0 0 0 0 0 0 0 0 0 0 0 0 0 0
0 0 0 0 0 0 0 0 0 0 0 0 0 0 0 0 0 0 0 0 0 0 0 0 0 0 0 0 0 0 0 0 0 0
0 0 0 0 0 0 0 0 0 0 0 0 0 0 0 0 0 0 0 0 0 0 0 0 0 0 0 0 0 0 0 0 0 0
0 0 0 0 0 0 0 0 0 0 0 0 0 0 0 0 0 0 0 0 0 0 0 0 0 0 0 0 0 0 0 0 0 0
0 0 0 0 0 0 0 0 0 0 0 0 0 0 0 0 0 0 0 0 0 0 0 0 0 0 0 0 0 0 0 0 0 0
0 0 0 0 0 0 0 0 0 0 0 0 0 0 0 0 0 0 0 0 0 0 0 0 0 0 0 0 0 0 0 0 0 0
0 0 0 0 0 0 0 0 0 0 0 0 0 0 0 0 0 0 0 0 0 0 0 0 0 0 0 0 0 0 0 0 0 0
0 0 0 0 0 0 0 0 0 0 0 0 0 0 0 0 0 0 0 0 0 0 0 0 0 0 0 0 0 0 0 0 0 0
0 0 0 0 0 0 0 0 0 0 0 0 0 0 0 0 0 0 0 0 0 0 0 0 0 0 0 0 0 0 0 0 0 0
0 0 0 0 0 0 0 0 0 0 0 0 0 0 0 0 0 0 0 0 0 0 0 0 0 0 0 0 0 0 0 0 0 0
0 0 0 0 0 0 0 0 0 0 0 0 0 0 0 0 0 0 0 0 0 0 0 0 0 0 0 0 0 0 0 0 0 0
0 0 0 0 0 0 0 0 0 0 0 0 0 0 0 0 0 0 0 0 0 0 0 0 0 0 0 0 0 0 0 0 0 0
0 0 0 0 0 0 0 0 0 0 0 0 0 0 0 0 0 0 0 0 0 0 0 0 0 0 0 0 0 0 0 0 0 0
0 0 0 0 0 0 0 0 0 0 0 0 0 0 0 0 0 0 0 0 0 0 0 0 0 0 0 0 0 0 0 0 0 0
0 0 0 0 0 0 0 0 0 0 0 0 0 0 0 0 0 0 0 0 0 0 0 0 0 0 0 0 0 0 0 0 0 0
0 0 0 0 0 0 0 0 0 0 0 0 0 0 0 0 0 0 0 0 0 0 0 0 0 0 0 0 0 0 0 0 0 0
0 0 0 0 0 0 0 0 0 0 0 0 0 0 0 0 0 0 0 0 0 0 0 0 0 0 0 0 0 0 0 0 0 0
0 0 0 0 0 0 0 0 0 0 0 0 0 0 0 0 0 0 0 0 0 0 0 0 0 0 0 0 0 0 0 0 0 0
0 0 0 0 0 0 0 0 0 0 0 0 0 0 0 0 0 0 0 0 0 0 0 0 0 0 0 0 0 0 0 0 0 0
0 0 0 0 0 0 0 0 0 0 0 0 0 0 0 0 0 0 0 0 0 0 0 0 0 0 0 0 0 0 0 0 0 0
0 0 0 0 0 0 0 0 0 0 0 0 0 0 0 0 0 0 0 0 0 0 0 0 0 0 0 0 0 0 0 0 0 0
0 0 0 0 0 0 0 0 0 0 0 0 0 0 0 0 0 0 0 0 0 0 0 0 0 0 0 0 0 0 0 0 0 0
0 0 0 0 0 0 0 0 0 0 0 0 0 0 0 0 0 0 0 0 0 0 0 0 0 0 0 0 0 0 0 0 0 0
0 0 0 0 0 0 0 0 0 0 0 0 0 0 0 0 0 0 0 0 0 0 0 0 0 0 0 0 0 0 0 0 0 0
0 0 0 0 0 0 0 0 0 0 0 0 0 0 0 0 0 0 0 0 0 0 0 0 0 0 0 0 0 0 0 0 0 0
0 0 0 0 0 0 0 0 0 0 0 0 0 0 0 0 0 0 0 0 0 0 0 0 0 0 0 0 0 0 0 0 0 0
0 0 0 0 0 0 0 0 0 0 0 0 0 0 0 0 0 0 0 0 0 0 0 0 0 0 0 0 0 0 0 0 0 0
0 0 0 0 0 0 0 0 0 0 0 0 0 0 0 0 0 0 0 0 0 0 0 0 0 0 0 0 0 0 0 0 0 0
0 0 0 0 0 0 0 0 0 0 0 0 0 0 0 0 0 0 0 0 0 0 0 0 0 0 0 0 0 0 0 0 0 0
0 0 0 0 0 0 0 0 0 0 0 0 0 0 0 0 0 0 0 0 0 0 0 0 0 0 0 0 0 0 0 0 0 0
0 0 0 0 0 0 0 0 0 0 0 0 0 0 0 0 0 0 0 0 0 0 0 0 0 0 0 0 0 0 0 0 0 0
0 0 0 0 0 0 0 0 0 0 0 0 0 0 0 0 0 0 0 0 0 0 0 0 0 0 0 0 0 0 0 0 0 0
0 0 0 0 0 0 0 0 0 0 0 0 0 0 0 0 0 0 0 0 0 0 0 0 0 0 0 0 0 0 0 0 0 0
0 0 0 0 0 0 0 0 0 0 0 0 0 0 0 0 0 0 0 0 0 0;
seqx-REG-0 128 -261 -261 -261 -261 -261 -261 -261 -261 -261 -261 -261
-261 -261 -261 -261 -261 -261 -261 -261 -261 -261 -261 -261 -261 -261
-261 -261 -261 -261 -261 -261 -261 -261 -261 -261 -261 -261 -261 -261
-261 -261 -261 -261 -261 -261 -261 -261 -261 -261 -261 -261 -261 -261
-261 -261 -261 -261 -261 -261 -261 -261 -261 -261 -261 -261 -261 -261
-261 -261 -261 -261 -261 -261 -261 -261 -261 -261 -261 -261 -261 -261
-261 -261 -261 -261 -261 -261 -261 -261 -261 -261 -261 -261 -261 -261
-261 -261 -261 -261 -261 -261 -261 -261 -261 -261 -261 -261 -261 -261
-261 -261 -261 -261 -261 -261 -261 -261 -261 -261 -261 -261 -261 -261
-261 -261 -261 -261 -261 16 0 0 0 0 0 0 0 0 0 0 0 0 0 0 0 0 0 0 0 0
0 0 0 0 0 0 0 0 0 0 0 0 0 0 0 0 0 0 0 0 0 0 0 0 0 0 0 0 0 0 0 0 0 0
0 0 0 0 0 0 0 0 0 0 0 0 0 0 0 0 0 0 0 0 0 0 0 0 0 0 0 0 0 0 0 0 0 0
0 0 0 0 0 0 0 0 0 0 0 0 0 0 0 0 0 0 0 0 0 0 0 0 0 0 0 0 0 0 0 0 0 0
0 0 0 0 0 0 0 0 0 0 0 0 0 0 0 0 0 0 0 0 0 0 0 0 0 0 0 0 0 0 0 0 0 0
0 0 0 0 0 0 0 0 0 0 0 0 0 0 0 0 0 0 0 0 0 0 0 0 0 0 0 0 0 0 0 0 0 0
0 0 0 0 0 0 0 0 0 0 0 0 0 0 0 0 0 0 0 0 0 0 0 0 0 0 0 0 0 0 0 0 0 0
0 0 0 0 0 0 0 0 0 0 0 0 0 0 0 0 0 0 0 0 0 0 0 0 0 0 0 0 0 0 0 0 0 0
0 0 0 0 0 0 0 0 0 0 0 0 0 0 0 0 0 0 0 0 0 0 0 0 0 0 0 0 0 0 0 0 0 0
0 0 0 0 0 0 0 0 0 0 0 0 0 0 0 0 0 0 0 0 0 0 0 0 0 0 0 0 0 0 0 0 0 0
0 0 0 0 0 0 0 0 0 0 0 0 0 0 0 0 0 0 0 0 0 0 0 0 0 0 0 0 0 0 0 0 0 0
0 0 0 0 0 0 0 0 0 0 0 0 0 0 0 0 0 0 0 0 0 0 0 0 0 0 0 0 0 0 0 0 0 0
0 0 0 0 0 0 0 0 0 0 0 0 0 0 0 0 0 0 0 0 0 0 0 0 0 0 0 0 0 0 0 0 0 0
0 0 0 0 0 0 0 0 0 0 0 0 0 0 0 0 0 0 0 0 0 0 0 0 0 0 0 0 0 0 0 0 0 0
0 0 0 0 0 0 0 0 0 0 0 0 0 0 0 0 0 0 0 0 0 0 0 0 0 0 0 0 0 0 0 0 0 0
0 0 0 0 0 0 0 0 0 0 0 0 0 0 0 0 0 0 0 0 0 0 0 0 0 0 0 0 0 0 0 0 0 0
0 0 0 0 0 0 0 0 0 0 0 0 0 0 0 0 0 0 0 0 0 0 0 0 0 0 0 0 0 0 0 0 0 0
0 0 0 0 0 0 0 0 0 0 0 0 0 0 0 0 0 0 0 0 0 0 0 0 0 0 0 0 0 0 0 0 0 0
0 0 0 0 0 0 0 0 0 0 0 0 0 0 0 0 0 0 0 0 0 0 0 0 0 0 0 0 0 0 0 0 0 0
0 0 0 0 0 0 0 0 0 0 0 0 0 0 0 0 0 0 0 0 0 0 0 0 0 0 0 0 0 0 0 0 0 0
0 0 0 0 0 0 0 0 0 0 0 0 0 0 0 0 0 0 0 0 0 0 0 0 0 0 0 0 0 0 0 0 0 0
0 0 0 0 0 0 0 0 0 0 0 0 0 0 0 0 0 0 0 0 0 0 0 0 0 0 0 0 0 0 0 0 0 0
0 0 0 0 0 0 0 0 0 0 0 0 0 0 0 0 0 0 0 0 0 0 0 0 0 0 0 0 0 0 0 0 0 0
0 0 0 0 0 0 0 0 0 0 0 0 0 0 0 0 0 0 0 0 0 0 0 0 0 0 0 0 0 0 0 0 0 0
0 0 0 0 0 0 0 0 0 0 0 0 0 0 0 0 0 0 0 0 0 0 0 0 0 0 0 0 0 0 0 0 0 0
0 0 0 0 0 0 0 0 0 0 0 0 0 0 0 0 0 0 0 0 0 0 0 0 0 0 0 0 0 0 0 0 0 0
0 0 0 0 0 0 0 0 0 0 0 0 0 0 0 0 0 0 0 0 0 0 0 0 0 0 0 0 0 0 0 0 0 0
0 0 0 0 0 0 0 0 0 0 0 0 0 0 0 0 0 0 0 0 0 0 0 0 0 0 0 0 0 0 0 0 0 0
0 0 0 0 0 0 0 0 0 0 0 0 0 0 0 0 0 0 0 0 0 0 0 0 0 0 0 0 0 0 0 0 0 0
0 0 0 0 0 0 0 0 0 0 0 0 0 0 0 0 0 0 0 0 0 0 0 0 0 0 0 0 0 0 0 0 0 0
0 0 0 0 0 0 0 0 0 0 0 0 0 0 0 0 0 0 0 0 0 0 0 0 0 0 0 0 0 0 0 0 0 0
0 0 0 0 0 0 0 0 0 0 0 0 0 0 0 0 0 0 0 0 0 0 0 0 0 0 0 0 0 0 0 0 0 0
0 0 0 0 0 0 0 0 0 0 0 0 0 0 0 0 0 0 0 0 0 0 0 0 0 0 0 0 0 0 0 0 0 0
0 0 0 0 0 0 0 0 0 0 0 0 0 0 0 0 0 0 0 0 0 0 0 0 0 0 0 0 0 0 0 0 0 0
0 0 0 0 0 0 0 0 0 0 0 0 0 0 0 0 0 0 0 0 0 0 0 0 0 0 0 0 0 0 0 0 0 0
0 0 0 0 0 0 0 0 0 0 0 0 0 0 0 0 0 0 0 0 0 0 0 0 0 0 0 0 0 0 0 0 0 0
0 0 0 0 0 0 0 0 0 0 0 0 0 0 0 0 0 0 0 0 0 0 0 0 0 0 0 0 0 0 0 0 0 0
0 0 0 0 0 0 0 0 0 0 0 0 0 0 0 0 0 0 0 0 0 0 0 0 0 0 0 0 0 0 0 0 0 0
0 0 0 0 0 0 0 0 0 0 0 0 0 0 0 0 0 0 0 0 0 0 0 0 0 0 0 0 0 0 0 0 0 0
0 0 0 0 0 0 0 0 0 0 0 0 0 0 0 0 0 0 0 0 0 0 0 0 0 0 0 0 0 0 0 0 0 0
0 0 0 0 0 0 0 0 0 0 0 0 0 0 0 0 0 0 0 0 0 0 0 0 0 0 0 0 0 0 0 0 0 0
0 0 0 0 0 0 0 0 0 0 0 0 0 0 0 0 0 0 0 0 0 0 0 0 0 0 0 0 0 0 0 0 0 0
0 0 0 0 0 0 0 0 0 0 0 0 0 0 0 0 0 0 0 0 0 0 0 0 0 0 0 0 0 0 0 0 0 0
0 0 0 0 0 0 0 0 0 0 0 0 0 0 0 0 0 0 0 0 0 0 0 0 0 0 0 0 0 0 0 0 0 0
0 0 0 0 0 0 0 0 0 0 0 0 0 0 0 0 0 0 0 0 0 0 0 0 0 0 0 0 0 0 0 0 0 0
0 0 0 0 0 0 0 0 0 0 0 0 0 0 0 0 0 0 0 0 0 0 0 0 0 0 0 0 0 0 0 0 0 0
0 0 0 0 0 0 0 0 0 0 0 0 0 0 0 0 0 0 0 0 0 0 0 0 0 0 0 0 0 0 0 0 0 0
0 0 0 0 0 0 0 0 0 0 0 0 0 0 0 0 0 0 0 0 0 0 0 0 0 0 0 0 0 0 0 0 0 0
0 0 0 0 0 0 0 0 0 0 0 0 0 0 0 0 0 0 0 0 0 0 0 0 0 0 0 0 0 0 0 0 0 0
0 0 0 0 0 0 0 0 0 0 0 0 0 0 0 0 0 0 0 0 0 0 0 0 0 0 0 0 0 0 0 0 0 0
0 0 0 0 0 0 0 0 0 0 0 0 0 0 0 0 0 0 0 0 0 0 0 0 0 0 0 0 0 0 0 0 0 0
0 0 0 0 0 0 0 0 0 0 0 0 0 0 0 0 0 0 0 0 0 0 0 0 0 0 0 0 0 0 0 0 0 0
0 0 0 0 0 0 0 0 0 0 0 0 0 0 0 0 0 0 0 0 0 0 0 0 0 0 0 0 0 0 0 0 0 0
0 0 0 0 0 0 0 0 0 0 0 0 0 0 0 0 0 0 0 0 0 0 0 0 0 0 0 0 0 0 0 0 0 0
0 0 0 0 0 0 0 0 0 0 0 0 0 0 0 0 0 0 0 0 0 0 0 0 0 0 0 0 0 0 0 0 0 0
0 0 0 0 0 0 0 0 0 0 0 0 0 0 0 0 0 0 0 0 0 0 0 0 0 0 0 0 0 0 0 0 0 0
0 0 0 0 0 0 0 0 0 0 0 0 0 0 0 0 0 0 0 0 0 0 0 0 0 0 0 0 0 0 0 0 0 0
0 0 0 0 0 0 0 0 0 0 0 0 0 0 0 0 0 0 0 0 0 0 0 0 0 0 0 0 0 0 0 0 0 0
0 0 0 0 0 0 0 0 0 0 0 0 0 0 0 0 0 0 0 0 0 0 0 0 0 0 0 0 0 0 0 0 0 0
0 0 0 0 0 0 0 0 0 0 0 0 0 0 0 0 0 0 0 0 0 0 0 0 0 0 0 0 0 0 0 0 0 0
0 0 0 0 0 0 0 0 0 0 0 0 0 0 0 0 0 0 0 0 0 0;
seqy-BID-0 128 3 32 62 72 50 21 -8 -45 -63 -65 -53 4 32 29 -4 -47 -83
-106 -106 -106 -105 -59 -45 -44 -63 -70 -79 -81 -67 -39 -11 8 24 27
2 -44 -78 -88 -74 -40 5 35 40 26 -3 -27 -50 -68 -80 -86 -89 -89 -76
-46 -16 -4 -7 -28 -68 -106 -106 -91 -56 -17 12 12 -6 -19 -34 -47 -49
-32 -5 30 83 101 106 84 49 13 -50 -68 -69 -64 -50 -37 -7 53 101 106
98 72 39 -1 -30 -35 -37 -34 -33 -33 -43 -55 -62 -69 -69 -69 -47 -38
-41 -52 -59 -58 -25 -5 -4 2 8 13 14 11 7 6 6 6 6 -32 -7 1 16 0 0 0
0 0 0 0 0 0 0 0 0 0 0 0 0 0 0 0 0 0 0 0 0 0 0 0 0 0 0 0 0 0 0 0 0 0
0 0 0 0 0 0 0 0 0 0 0 0 0 0 0 0 0 0 0 0 0 0 0 0 0 0 0 0 0 0 0 0 0 0
0 0 0 0 0 0 0 0 0 0 0 0 0 0 0 0 0 0 0 0 0 0 0 0 0 0 0 0 0 0 0 0 0 0
0 0 0 0 0 0 0 0 0 0 0 0 0 0 0 0 0 0 0 0 0 0 0 0 0 0 0 0 0 0 0 0 0 0
0 0 0 0 0 0 0 0 0 0 0 0 0 0 0 0 0 0 0 0 0 0 0 0 0 0 0 0 0 0 0 0 0 0
0 0 0 0 0 0 0 0 0 0 0 0 0 0 0 0 0 0 0 0 0 0 0 0 0 0 0 0 0 0 0 0 0 0
0 0 0 0 0 0 0 0 0 0 0 0 0 0 0 0 0 0 0 0 0 0 0 0 0 0 0 0 0 0 0 0 0 0
0 0 0 0 0 0 0 0 0 0 0 0 0 0 0 0 0 0 0 0 0 0 0 0 0 0 0 0 0 0 0 0 0 0
0 0 0 0 0 0 0 0 0 0 0 0 0 0 0 0 0 0 0 0 0 0 0 0 0 0 0 0 0 0 0 0 0 0
0 0 0 0 0 0 0 0 0 0 0 0 0 0 0 0 0 0 0 0 0 0 0 0 0 0 0 0 0 0 0 0 0 0
0 0 0 0 0 0 0 0 0 0 0 0 0 0 0 0 0 0 0 0 0 0 0 0 0 0 0 0 0 0 0 0 0 0
0 0 0 0 0 0 0 0 0 0 0 0 0 0 0 0 0 0 0 0 0 0 0 0 0 0 0 0 0 0 0 0 0 0
0 0 0 0 0 0 0 0 0 0 0 0 0 0 0 0 0 0 0 0 0 0 0 0 0 0 0 0 0 0 0 0 0 0
0 0 0 0 0 0 0 0 0 0 0 0 0 0 0 0 0 0 0 0 0 0 0 0 0 0 0 0 0 0 0 0 0 0
0 0 0 0 0 0 0 0 0 0 0 0 0 0 0 0 0 0 0 0 0 0 0 0 0 0 0 0 0 0 0 0 0 0
0 0 0 0 0 0 0 0 0 0 0 0 0 0 0 0 0 0 0 0 0 0 0 0 0 0 0 0 0 0 0 0 0 0
0 0 0 0 0 0 0 0 0 0 0 0 0 0 0 0 0 0 0 0 0 0 0 0 0 0 0 0 0 0 0 0 0 0
0 0 0 0 0 0 0 0 0 0 0 0 0 0 0 0 0 0 0 0 0 0 0 0 0 0 0 0 0 0 0 0 0 0
0 0 0 0 0 0 0 0 0 0 0 0 0 0 0 0 0 0 0 0 0 0 0 0 0 0 0 0 0 0 0 0 0 0
0 0 0 0 0 0 0 0 0 0 0 0 0 0 0 0 0 0 0 0 0 0 0 0 0 0 0 0 0 0 0 0 0 0
0 0 0 0 0 0 0 0 0 0 0 0 0 0 0 0 0 0 0 0 0 0 0 0 0 0 0 0 0 0 0 0 0 0
0 0 0 0 0 0 0 0 0 0 0 0 0 0 0 0 0 0 0 0 0 0 0 0 0 0 0 0 0 0 0 0 0 0
0 0 0 0 0 0 0 0 0 0 0 0 0 0 0 0 0 0 0 0 0 0 0 0 0 0 0 0 0 0 0 0 0 0
0 0 0 0 0 0 0 0 0 0 0 0 0 0 0 0 0 0 0 0 0 0 0 0 0 0 0 0 0 0 0 0 0 0
0 0 0 0 0 0 0 0 0 0 0 0 0 0 0 0 0 0 0 0 0 0 0 0 0 0 0 0 0 0 0 0 0 0
0 0 0 0 0 0 0 0 0 0 0 0 0 0 0 0 0 0 0 0 0 0 0 0 0 0 0 0 0 0 0 0 0 0
0 0 0 0 0 0 0 0 0 0 0 0 0 0 0 0 0 0 0 0 0 0 0 0 0 0 0 0 0 0 0 0 0 0
0 0 0 0 0 0 0 0 0 0 0 0 0 0 0 0 0 0 0 0 0 0 0 0 0 0 0 0 0 0 0 0 0 0
0 0 0 0 0 0 0 0 0 0 0 0 0 0 0 0 0 0 0 0 0 0 0 0 0 0 0 0 0 0 0 0 0 0
0 0 0 0 0 0 0 0 0 0 0 0 0 0 0 0 0 0 0 0 0 0 0 0 0 0 0 0 0 0 0 0 0 0
0 0 0 0 0 0 0 0 0 0 0 0 0 0 0 0 0 0 0 0 0 0 0 0 0 0 0 0 0 0 0 0 0 0
0 0 0 0 0 0 0 0 0 0 0 0 0 0 0 0 0 0 0 0 0 0 0 0 0 0 0 0 0 0 0 0 0 0
0 0 0 0 0 0 0 0 0 0 0 0 0 0 0 0 0 0 0 0 0 0 0 0 0 0 0 0 0 0 0 0 0 0
0 0 0 0 0 0 0 0 0 0 0 0 0 0 0 0 0 0 0 0 0 0 0 0 0 0 0 0 0 0 0 0 0 0
0 0 0 0 0 0 0 0 0 0 0 0 0 0 0 0 0 0 0 0 0 0 0 0 0 0 0 0 0 0 0 0 0 0
0 0 0 0 0 0 0 0 0 0 0 0 0 0 0 0 0 0 0 0 0 0 0 0 0 0 0 0 0 0 0 0 0 0
0 0 0 0 0 0 0 0 0 0 0 0 0 0 0 0 0 0 0 0 0 0 0 0 0 0 0 0 0 0 0 0 0 0
0 0 0 0 0 0 0 0 0 0 0 0 0 0 0 0 0 0 0 0 0 0 0 0 0 0 0 0 0 0 0 0 0 0
0 0 0 0 0 0 0 0 0 0 0 0 0 0 0 0 0 0 0 0 0 0 0 0 0 0 0 0 0 0 0 0 0 0
0 0 0 0 0 0 0 0 0 0 0 0 0 0 0 0 0 0 0 0 0 0 0 0 0 0 0 0 0 0 0 0 0 0
0 0 0 0 0 0 0 0 0 0 0 0 0 0 0 0 0 0 0 0 0 0 0 0 0 0 0 0 0 0 0 0 0 0
0 0 0 0 0 0 0 0 0 0 0 0 0 0 0 0 0 0 0 0 0 0 0 0 0 0 0 0 0 0 0 0 0 0
0 0 0 0 0 0 0 0 0 0 0 0 0 0 0 0 0 0 0 0 0 0 0 0 0 0 0 0 0 0 0 0 0 0
0 0 0 0 0 0 0 0 0 0 0 0 0 0 0 0 0 0 0 0 0 0 0 0 0 0 0 0 0 0 0 0 0 0
0 0 0 0 0 0 0 0 0 0 0 0 0 0 0 0 0 0 0 0 0 0 0 0 0 0 0 0 0 0 0 0 0 0
0 0 0 0 0 0 0 0 0 0 0 0 0 0 0 0 0 0 0 0 0 0 0 0 0 0 0 0 0 0 0 0 0 0
0 0 0 0 0 0 0 0 0 0 0 0 0 0 0 0 0 0 0 0 0 0 0 0 0 0 0 0 0 0 0 0 0 0
0 0 0 0 0 0 0 0 0 0 0 0 0 0 0 0 0 0 0 0 0 0 0 0 0 0 0 0 0 0 0 0 0 0
0 0 0 0 0 0 0 0 0 0 0 0 0 0 0 0 0 0 0 0 0 0 0 0 0 0 0 0 0 0 0 0 0 0
0 0 0 0 0 0 0 0 0 0 0 0 0 0 0 0 0 0 0 0 0 0 0 0 0 0 0 0 0 0 0 0 0 0
0 0 0 0 0 0 0 0 0 0 0 0 0 0 0 0 0 0 0 0 0 0 0 0 0 0 0 0 0 0 0 0 0 0
0 0 0 0 0 0 0 0 0 0 0 0 0 0 0 0 0 0 0 0 0 0 0 0 0 0 0 0 0 0 0 0 0 0
0 0 0 0 0 0 0 0 0 0 0 0 0 0 0 0 0 0 0 0 0 0 0 0 0 0 0 0 0 0 0 0 0 0
0 0 0 0 0 0 0 0 0 0 0 0 0 0 0 0 0 0 0 0 0 0 0 0 0 0 0 0 0 0 0 0 0 0
0 0 0 0 0 0 0 0 0 0 0 0 0 0 0 0 0 0 0 0 0 0 0 0 0 0 0 0 0 0 0 0 0 0
0 0 0 0 0 0 0 0 0 0 0 0 0 0 0 0 0 0 0 0 0 0 0 0 0 0 0 0 0 0 0 0 0 0
0 0 0 0 0 0 0 0 0 0 0 0 0 0 0 0 0 0 0 0 0 0 0 0 0 0 0 0 0 0 0 0 0 0
0 0 0 0 0 0 0 0 0 0 0 0 0 0 0 0 0 0 0 0 0 0 0 0 0 0 0 0 0 0 0 0 0 0
0 0 0 0 0 0 0 0 0 0 0 0 0 0 0 0 0 0 0 0 0 0 0 0 0 0 0 0 0 0 0 0 0 0
0 0 0 0 0 0 0 0 0 0 0 0 0 0 0 0 0 0 0 0 0 0 0 0 0 0 0 0 0 0 0 0 0 0
0 0 0 0 0;
seqx-BID-0 128 -172 -158 -93 44 127 155 171 172 167 164 158 140 121
79 18 -28 -49 -51 -39 -20 3 57 87 106 135 141 130 102 61 15 -30 -68
-121 -163 -185 -197 -185 -165 -131 -88 -47 6 46 76 100 121 129 128
117 107 87 83 67 39 3 -26 -49 -74 -80 -72 -49 15 56 92 135 157 183
187 177 142 99 61 21 -2 9 26 54 135 174 184 157 126 102 67 31 9 -14
-20 12 49 100 133 150 151 140 128 87 41 19 7 -11 -30 -47 -60 -60 -60
-8 58 107 128 135 136 150 155 155 129 98 75 44 17 -7 -9 -9 -9 -9 -138
-155 -169 16 0 0 0 0 0 0 0 0 0 0 0 0 0 0 0 0 0 0 0 0 0 0 0 0 0 0 0
0 0 0 0 0 0 0 0 0 0 0 0 0 0 0 0 0 0 0 0 0 0 0 0 0 0 0 0 0 0 0 0 0 0
0 0 0 0 0 0 0 0 0 0 0 0 0 0 0 0 0 0 0 0 0 0 0 0 0 0 0 0 0 0 0 0 0 0
0 0 0 0 0 0 0 0 0 0 0 0 0 0 0 0 0 0 0 0 0 0 0 0 0 0 0 0 0 0 0 0 0 0
0 0 0 0 0 0 0 0 0 0 0 0 0 0 0 0 0 0 0 0 0 0 0 0 0 0 0 0 0 0 0 0 0 0
0 0 0 0 0 0 0 0 0 0 0 0 0 0 0 0 0 0 0 0 0 0 0 0 0 0 0 0 0 0 0 0 0 0
0 0 0 0 0 0 0 0 0 0 0 0 0 0 0 0 0 0 0 0 0 0 0 0 0 0 0 0 0 0 0 0 0 0
0 0 0 0 0 0 0 0 0 0 0 0 0 0 0 0 0 0 0 0 0 0 0 0 0 0 0 0 0 0 0 0 0 0
0 0 0 0 0 0 0 0 0 0 0 0 0 0 0 0 0 0 0 0 0 0 0 0 0 0 0 0 0 0 0 0 0 0
0 0 0 0 0 0 0 0 0 0 0 0 0 0 0 0 0 0 0 0 0 0 0 0 0 0 0 0 0 0 0 0 0 0
0 0 0 0 0 0 0 0 0 0 0 0 0 0 0 0 0 0 0 0 0 0 0 0 0 0 0 0 0 0 0 0 0 0
0 0 0 0 0 0 0 0 0 0 0 0 0 0 0 0 0 0 0 0 0 0 0 0 0 0 0 0 0 0 0 0 0 0
0 0 0 0 0 0 0 0 0 0 0 0 0 0 0 0 0 0 0 0 0 0 0 0 0 0 0 0 0 0 0 0 0 0
0 0 0 0 0 0 0 0 0 0 0 0 0 0 0 0 0 0 0 0 0 0 0 0 0 0 0 0 0 0 0 0 0 0
0 0 0 0 0 0 0 0 0 0 0 0 0 0 0 0 0 0 0 0 0 0 0 0 0 0 0 0 0 0 0 0 0 0
0 0 0 0 0 0 0 0 0 0 0 0 0 0 0 0 0 0 0 0 0 0 0 0 0 0 0 0 0 0 0 0 0 0
0 0 0 0 0 0 0 0 0 0 0 0 0 0 0 0 0 0 0 0 0 0 0 0 0 0 0 0 0 0 0 0 0 0
0 0 0 0 0 0 0 0 0 0 0 0 0 0 0 0 0 0 0 0 0 0 0 0 0 0 0 0 0 0 0 0 0 0
0 0 0 0 0 0 0 0 0 0 0 0 0 0 0 0 0 0 0 0 0 0 0 0 0 0 0 0 0 0 0 0 0 0
0 0 0 0 0 0 0 0 0 0 0 0 0 0 0 0 0 0 0 0 0 0 0 0 0 0 0 0 0 0 0 0 0 0
0 0 0 0 0 0 0 0 0 0 0 0 0 0 0 0 0 0 0 0 0 0 0 0 0 0 0 0 0 0 0 0 0 0
0 0 0 0 0 0 0 0 0 0 0 0 0 0 0 0 0 0 0 0 0 0 0 0 0 0 0 0 0 0 0 0 0 0
0 0 0 0 0 0 0 0 0 0 0 0 0 0 0 0 0 0 0 0 0 0 0 0 0 0 0 0 0 0 0 0 0 0
0 0 0 0 0 0 0 0 0 0 0 0 0 0 0 0 0 0 0 0 0 0 0 0 0 0 0 0 0 0 0 0 0 0
0 0 0 0 0 0 0 0 0 0 0 0 0 0 0 0 0 0 0 0 0 0 0 0 0 0 0 0 0 0 0 0 0 0
0 0 0 0 0 0 0 0 0 0 0 0 0 0 0 0 0 0 0 0 0 0 0 0 0 0 0 0 0 0 0 0 0 0
0 0 0 0 0 0 0 0 0 0 0 0 0 0 0 0 0 0 0 0 0 0 0 0 0 0 0 0 0 0 0 0 0 0
0 0 0 0 0 0 0 0 0 0 0 0 0 0 0 0 0 0 0 0 0 0 0 0 0 0 0 0 0 0 0 0 0 0
0 0 0 0 0 0 0 0 0 0 0 0 0 0 0 0 0 0 0 0 0 0 0 0 0 0 0 0 0 0 0 0 0 0
0 0 0 0 0 0 0 0 0 0 0 0 0 0 0 0 0 0 0 0 0 0 0 0 0 0 0 0 0 0 0 0 0 0
0 0 0 0 0 0 0 0 0 0 0 0 0 0 0 0 0 0 0 0 0 0 0 0 0 0 0 0 0 0 0 0 0 0
0 0 0 0 0 0 0 0 0 0 0 0 0 0 0 0 0 0 0 0 0 0 0 0 0 0 0 0 0 0 0 0 0 0
0 0 0 0 0 0 0 0 0 0 0 0 0 0 0 0 0 0 0 0 0 0 0 0 0 0 0 0 0 0 0 0 0 0
0 0 0 0 0 0 0 0 0 0 0 0 0 0 0 0 0 0 0 0 0 0 0 0 0 0 0 0 0 0 0 0 0 0
0 0 0 0 0 0 0 0 0 0 0 0 0 0 0 0 0 0 0 0 0 0 0 0 0 0 0 0 0 0 0 0 0 0
0 0 0 0 0 0 0 0 0 0 0 0 0 0 0 0 0 0 0 0 0 0 0 0 0 0 0 0 0 0 0 0 0 0
0 0 0 0 0 0 0 0 0 0 0 0 0 0 0 0 0 0 0 0 0 0 0 0 0 0 0 0 0 0 0 0 0 0
0 0 0 0 0 0 0 0 0 0 0 0 0 0 0 0 0 0 0 0 0 0 0 0 0 0 0 0 0 0 0 0 0 0
0 0 0 0 0 0 0 0 0 0 0 0 0 0 0 0 0 0 0 0 0 0 0 0 0 0 0 0 0 0 0 0 0 0
0 0 0 0 0 0 0 0 0 0 0 0 0 0 0 0 0 0 0 0 0 0 0 0 0 0 0 0 0 0 0 0 0 0
0 0 0 0 0 0 0 0 0 0 0 0 0 0 0 0 0 0 0 0 0 0 0 0 0 0 0 0 0 0 0 0 0 0
0 0 0 0 0 0 0 0 0 0 0 0 0 0 0 0 0 0 0 0 0 0 0 0 0 0 0 0 0 0 0 0 0 0
0 0 0 0 0 0 0 0 0 0 0 0 0 0 0 0 0 0 0 0 0 0 0 0 0 0 0 0 0 0 0 0 0 0
0 0 0 0 0 0 0 0 0 0 0 0 0 0 0 0 0 0 0 0 0 0 0 0 0 0 0 0 0 0 0 0 0 0
0 0 0 0 0 0 0 0 0 0 0 0 0 0 0 0 0 0 0 0 0 0 0 0 0 0 0 0 0 0 0 0 0 0
0 0 0 0 0 0 0 0 0 0 0 0 0 0 0 0 0 0 0 0 0 0 0 0 0 0 0 0 0 0 0 0 0 0
0 0 0 0 0 0 0 0 0 0 0 0 0 0 0 0 0 0 0 0 0 0 0 0 0 0 0 0 0 0 0 0 0 0
0 0 0 0 0 0 0 0 0 0 0 0 0 0 0 0 0 0 0 0 0 0 0 0 0 0 0 0 0 0 0 0 0 0
0 0 0 0 0 0 0 0 0 0 0 0 0 0 0 0 0 0 0 0 0 0 0 0 0 0 0 0 0 0 0 0 0 0
0 0 0 0 0 0 0 0 0 0 0 0 0 0 0 0 0 0 0 0 0 0 0 0 0 0 0 0 0 0 0 0 0 0
0 0 0 0 0 0 0 0 0 0 0 0 0 0 0 0 0 0 0 0 0 0 0 0 0 0 0 0 0 0 0 0 0 0
0 0 0 0 0 0 0 0 0 0 0 0 0 0 0 0 0 0 0 0 0 0 0 0 0 0 0 0 0 0 0 0 0 0
0 0 0 0 0 0 0 0 0 0 0 0 0 0 0 0 0 0 0 0 0 0 0 0 0 0 0 0 0 0 0 0 0 0
0 0 0 0 0 0 0 0 0 0 0 0 0 0 0 0 0 0 0 0 0 0 0 0 0 0 0 0 0 0 0 0 0 0
0 0 0 0 0 0 0 0 0 0 0 0 0 0 0 0 0 0 0 0 0 0 0 0 0 0 0 0 0 0 0 0 0 0
0 0 0 0 0 0 0 0 0 0 0 0 0 0 0 0 0 0 0 0 0 0 0 0 0 0 0 0 0 0 0 0 0 0
0 0 0 0 0 0 0 0 0 0 0 0 0 0 0 0 0 0 0 0 0 0 0 0 0 0 0 0 0 0 0 0 0 0
0 0 0 0 0 0 0 0 0 0 0 0 0 0 0 0 0 0 0 0 0 0 0 0 0 0 0 0 0 0 0 0 0 0
0 0 0 0 0 0 0 0 0 0 0 0 0 0 0 0 0 0 0 0 0 0 0 0 0 0 0 0 0 0 0 0 0 0
0 0 0 0 0 0 0 0 0 0 0 0 0 0 0 0 0 0 0 0 0 0 0 0 0 0 0 0 0 0 0 0 0 0
0 0 0 0 0 0 0 0 0 0 0 0 0 0 0;
seqy-BAI-0 128 -7 23 15 -9 -34 -63 -75 -55 -21 23 61 86 106 106 96
50 13 -18 -32 -46 -70 -87 -97 -99 -99 -99 -99 -99 -99 -99 -18 -18 -18
-18 3 19 19 19 19 19 19 19 19 19 19 19 19 43 36 11 -3 -5 -5 -5 -5 -5
-5 -5 -5 -5 -5 -1 5 8 8 8 8 8 8 8 8 8 8 8 8 8 8 8 8 8 8 8 41 0 -25
-56 -69 -65 -33 -11 -5 -32 -65 -86 -87 -56 -56 -141 -141 -141 -141
-141 -141 -141 -141 -141 -141 -141 -141 -141 -141 -141 -141 -141 -141
-141 -141 -141 -141 -141 -141 -141 -141 -141 -141 -141 -141 -141 16
0 0 0 0 0 0 0 0 0 0 0 0 0 0 0 0 0 0 0 0 0 0 0 0 0 0 0 0 0 0 0 0 0 0
0 0 0 0 0 0 0 0 0 0 0 0 0 0 0 0 0 0 0 0 0 0 0 0 0 0 0 0 0 0 0 0 0 0
0 0 0 0 0 0 0 0 0 0 0 0 0 0 0 0 0 0 0 0 0 0 0 0 0 0 0 0 0 0 0 0 0 0
0 0 0 0 0 0 0 0 0 0 0 0 0 0 0 0 0 0 0 0 0 0 0 0 0 0 0 0 0 0 0 0 0 0
0 0 0 0 0 0 0 0 0 0 0 0 0 0 0 0 0 0 0 0 0 0 0 0 0 0 0 0 0 0 0 0 0 0
0 0 0 0 0 0 0 0 0 0 0 0 0 0 0 0 0 0 0 0 0 0 0 0 0 0 0 0 0 0 0 0 0 0
0 0 0 0 0 0 0 0 0 0 0 0 0 0 0 0 0 0 0 0 0 0 0 0 0 0 0 0 0 0 0 0 0 0
0 0 0 0 0 0 0 0 0 0 0 0 0 0 0 0 0 0 0 0 0 0 0 0 0 0 0 0 0 0 0 0 0 0
0 0 0 0 0 0 0 0 0 0 0 0 0 0 0 0 0 0 0 0 0 0 0 0 0 0 0 0 0 0 0 0 0 0
0 0 0 0 0 0 0 0 0 0 0 0 0 0 0 0 0 0 0 0 0 0 0 0 0 0 0 0 0 0 0 0 0 0
0 0 0 0 0 0 0 0 0 0 0 0 0 0 0 0 0 0 0 0 0 0 0 0 0 0 0 0 0 0 0 0 0 0
0 0 0 0 0 0 0 0 0 0 0 0 0 0 0 0 0 0 0 0 0 0 0 0 0 0 0 0 0 0 0 0 0 0
0 0 0 0 0 0 0 0 0 0 0 0 0 0 0 0 0 0 0 0 0 0 0 0 0 0 0 0 0 0 0 0 0 0
0 0 0 0 0 0 0 0 0 0 0 0 0 0 0 0 0 0 0 0 0 0 0 0 0 0 0 0 0 0 0 0 0 0
0 0 0 0 0 0 0 0 0 0 0 0 0 0 0 0 0 0 0 0 0 0 0 0 0 0 0 0 0 0 0 0 0 0
0 0 0 0 0 0 0 0 0 0 0 0 0 0 0 0 0 0 0 0 0 0 0 0 0 0 0 0 0 0 0 0 0 0
0 0 0 0 0 0 0 0 0 0 0 0 0 0 0 0 0 0 0 0 0 0 0 0 0 0 0 0 0 0 0 0 0 0
0 0 0 0 0 0 0 0 0 0 0 0 0 0 0 0 0 0 0 0 0 0 0 0 0 0 0 0 0 0 0 0 0 0
0 0 0 0 0 0 0 0 0 0 0 0 0 0 0 0 0 0 0 0 0 0 0 0 0 0 0 0 0 0 0 0 0 0
0 0 0 0 0 0 0 0 0 0 0 0 0 0 0 0 0 0 0 0 0 0 0 0 0 0 0 0 0 0 0 0 0 0
0 0 0 0 0 0 0 0 0 0 0 0 0 0 0 0 0 0 0 0 0 0 0 0 0 0 0 0 0 0 0 0 0 0
0 0 0 0 0 0 0 0 0 0 0 0 0 0 0 0 0 0 0 0 0 0 0 0 0 0 0 0 0 0 0 0 0 0
0 0 0 0 0 0 0 0 0 0 0 0 0 0 0 0 0 0 0 0 0 0 0 0 0 0 0 0 0 0 0 0 0 0
0 0 0 0 0 0 0 0 0 0 0 0 0 0 0 0 0 0 0 0 0 0 0 0 0 0 0 0 0 0 0 0 0 0
0 0 0 0 0 0 0 0 0 0 0 0 0 0 0 0 0 0 0 0 0 0 0 0 0 0 0 0 0 0 0 0 0 0
0 0 0 0 0 0 0 0 0 0 0 0 0 0 0 0 0 0 0 0 0 0 0 0 0 0 0 0 0 0 0 0 0 0
0 0 0 0 0 0 0 0 0 0 0 0 0 0 0 0 0 0 0 0 0 0 0 0 0 0 0 0 0 0 0 0 0 0
0 0 0 0 0 0 0 0 0 0 0 0 0 0 0 0 0 0 0 0 0 0 0 0 0 0 0 0 0 0 0 0 0 0
0 0 0 0 0 0 0 0 0 0 0 0 0 0 0 0 0 0 0 0 0 0 0 0 0 0 0 0 0 0 0 0 0 0
0 0 0 0 0 0 0 0 0 0 0 0 0 0 0 0 0 0 0 0 0 0 0 0 0 0 0 0 0 0 0 0 0 0
0 0 0 0 0 0 0 0 0 0 0 0 0 0 0 0 0 0 0 0 0 0 0 0 0 0 0 0 0 0 0 0 0 0
0 0 0 0 0 0 0 0 0 0 0 0 0 0 0 0 0 0 0 0 0 0 0 0 0 0 0 0 0 0 0 0 0 0
0 0 0 0 0 0 0 0 0 0 0 0 0 0 0 0 0 0 0 0 0 0 0 0 0 0 0 0 0 0 0 0 0 0
0 0 0 0 0 0 0 0 0 0 0 0 0 0 0 0 0 0 0 0 0 0 0 0 0 0 0 0 0 0 0 0 0 0
0 0 0 0 0 0 0 0 0 0 0 0 0 0 0 0 0 0 0 0 0 0 0 0 0 0 0 0 0 0 0 0 0 0
0 0 0 0 0 0 0 0 0 0 0 0 0 0 0 0 0 0 0 0 0 0 0 0 0 0 0 0 0 0 0 0 0 0
0 0 0 0 0 0 0 0 0 0 0 0 0 0 0 0 0 0 0 0 0 0 0 0 0 0 0 0 0 0 0 0 0 0
0 0 0 0 0 0 0 0 0 0 0 0 0 0 0 0 0 0 0 0 0 0 0 0 0 0 0 0 0 0 0 0 0 0
0 0 0 0 0 0 0 0 0 0 0 0 0 0 0 0 0 0 0 0 0 0 0 0 0 0 0 0 0 0 0 0 0 0
0 0 0 0 0 0 0 0 0 0 0 0 0 0 0 0 0 0 0 0 0 0 0 0 0 0 0 0 0 0 0 0 0 0
0 0 0 0 0 0 0 0 0 0 0 0 0 0 0 0 0 0 0 0 0 0 0 0 0 0 0 0 0 0 0 0 0 0
0 0 0 0 0 0 0 0 0 0 0 0 0 0 0 0 0 0 0 0 0 0 0 0 0 0 0 0 0 0 0 0 0 0
0 0 0 0 0 0 0 0 0 0 0 0 0 0 0 0 0 0 0 0 0 0 0 0 0 0 0 0 0 0 0 0 0 0
0 0 0 0 0 0 0 0 0 0 0 0 0 0 0 0 0 0 0 0 0 0 0 0 0 0 0 0 0 0 0 0 0 0
0 0 0 0 0 0 0 0 0 0 0 0 0 0 0 0 0 0 0 0 0 0 0 0 0 0 0 0 0 0 0 0 0 0
0 0 0 0 0 0 0 0 0 0 0 0 0 0 0 0 0 0 0 0 0 0 0 0 0 0 0 0 0 0 0 0 0 0
0 0 0 0 0 0 0 0 0 0 0 0 0 0 0 0 0 0 0 0 0 0 0 0 0 0 0 0 0 0 0 0 0 0
0 0 0 0 0 0 0 0 0 0 0 0 0 0 0 0 0 0 0 0 0 0 0 0 0 0 0 0 0 0 0 0 0 0
0 0 0 0 0 0 0 0 0 0 0 0 0 0 0 0 0 0 0 0 0 0 0 0 0 0 0 0 0 0 0 0 0 0
0 0 0 0 0 0 0 0 0 0 0 0 0 0 0 0 0 0 0 0 0 0 0 0 0 0 0 0 0 0 0 0 0 0
0 0 0 0 0 0 0 0 0 0 0 0 0 0 0 0 0 0 0 0 0 0 0 0 0 0 0 0 0 0 0 0 0 0
0 0 0 0 0 0 0 0 0 0 0 0 0 0 0 0 0 0 0 0 0 0 0 0 0 0 0 0 0 0 0 0 0 0
0 0 0 0 0 0 0 0 0 0 0 0 0 0 0 0 0 0 0 0 0 0 0 0 0 0 0 0 0 0 0 0 0 0
0 0 0 0 0 0 0 0 0 0 0 0 0 0 0 0 0 0 0 0 0 0 0 0 0 0 0 0 0 0 0 0 0 0
0 0 0 0 0 0 0 0 0 0 0 0 0 0 0 0 0 0 0 0 0 0 0 0 0 0 0 0 0 0 0 0 0 0
0 0 0 0 0 0 0 0 0 0 0 0 0 0 0 0 0 0 0 0 0 0 0 0 0 0 0 0 0 0 0 0 0 0
0 0 0 0 0 0 0 0 0 0 0 0 0 0 0 0 0 0 0 0 0 0 0 0 0 0 0 0 0 0 0 0 0 0
0 0 0 0 0 0 0 0 0 0 0 0 0 0 0 0 0 0 0 0 0 0 0 0 0 0 0 0 0 0 0 0 0 0
0 0 0 0 0 0 0 0 0 0 0 0 0 0 0 0 0 0 0 0 0 0 0 0 0 0 0 0 0 0 0 0 0 0
0 0 0 0 0 0 0 0 0 0 0 0 0 0 0 0 0 0 0 0 0 0 0 0 0 0 0 0 0 0 0 0 0 0
0 0 0 0 0 0 0 0;
seqx-BAI-0 128 -158 -65 39 100 107 63 -37 -121 -170 -203 -223 -227
-194 -77 32 118 171 189 189 175 97 -16 -150 -215 -218 -218 -218 -218
-218 -218 -59 -59 -59 -59 -56 -52 -52 -52 -52 -52 -52 -52 -52 -52 -52
-52 -52 67 79 125 147 147 147 147 147 147 147 147 147 146 115 54 -20
-66 -69 -69 -69 -69 -69 -69 -69 -69 -69 -69 -69 -69 -69 -69 -69 -69
-69 -69 40 77 46 -41 -136 -176 -192 -161 -75 -16 -20 -65 -139 -186
-186 -261 -261 -261 -261 -261 -261 -261 -261 -261 -261 -261 -261 -261
-261 -261 -261 -261 -261 -261 -261 -261 -261 -261 -261 -261 -261 -261
-261 -261 -261 -261 16 0 0 0 0 0 0 0 0 0 0 0 0 0 0 0 0 0 0 0 0 0 0
0 0 0 0 0 0 0 0 0 0 0 0 0 0 0 0 0 0 0 0 0 0 0 0 0 0 0 0 0 0 0 0 0 0
0 0 0 0 0 0 0 0 0 0 0 0 0 0 0 0 0 0 0 0 0 0 0 0 0 0 0 0 0 0 0 0 0 0
0 0 0 0 0 0 0 0 0 0 0 0 0 0 0 0 0 0 0 0 0 0 0 0 0 0 0 0 0 0 0 0 0 0
0 0 0 0 0 0 0 0 0 0 0 0 0 0 0 0 0 0 0 0 0 0 0 0 0 0 0 0 0 0 0 0 0 0
0 0 0 0 0 0 0 0 0 0 0 0 0 0 0 0 0 0 0 0 0 0 0 0 0 0 0 0 0 0 0 0 0 0
0 0 0 0 0 0 0 0 0 0 0 0 0 0 0 0 0 0 0 0 0 0 0 0 0 0 0 0 0 0 0 0 0 0
0 0 0 0 0 0 0 0 0 0 0 0 0 0 0 0 0 0 0 0 0 0 0 0 0 0 0 0 0 0 0 0 0 0
0 0 0 0 0 0 0 0 0 0 0 0 0 0 0 0 0 0 0 0 0 0 0 0 0 0 0 0 0 0 0 0 0 0
0 0 0 0 0 0 0 0 0 0 0 0 0 0 0 0 0 0 0 0 0 0 0 0 0 0 0 0 0 0 0 0 0 0
0 0 0 0 0 0 0 0 0 0 0 0 0 0 0 0 0 0 0 0 0 0 0 0 0 0 0 0 0 0 0 0 0 0
0 0 0 0 0 0 0 0 0 0 0 0 0 0 0 0 0 0 0 0 0 0 0 0 0 0 0 0 0 0 0 0 0 0
0 0 0 0 0 0 0 0 0 0 0 0 0 0 0 0 0 0 0 0 0 0 0 0 0 0 0 0 0 0 0 0 0 0
0 0 0 0 0 0 0 0 0 0 0 0 0 0 0 0 0 0 0 0 0 0 0 0 0 0 0 0 0 0 0 0 0 0
0 0 0 0 0 0 0 0 0 0 0 0 0 0 0 0 0 0 0 0 0 0 0 0 0 0 0 0 0 0 0 0 0 0
0 0 0 0 0 0 0 0 0 0 0 0 0 0 0 0 0 0 0 0 0 0 0 0 0 0 0 0 0 0 0 0 0 0
0 0 0 0 0 0 0 0 0 0 0 0 0 0 0 0 0 0 0 0 0 0 0 0 0 0 0 0 0 0 0 0 0 0
0 0 0 0 0 0 0 0 0 0 0 0 0 0 0 0 0 0 0 0 0 0 0 0 0 0 0 0 0 0 0 0 0 0
0 0 0 0 0 0 0 0 0 0 0 0 0 0 0 0 0 0 0 0 0 0 0 0 0 0 0 0 0 0 0 0 0 0
0 0 0 0 0 0 0 0 0 0 0 0 0 0 0 0 0 0 0 0 0 0 0 0 0 0 0 0 0 0 0 0 0 0
0 0 0 0 0 0 0 0 0 0 0 0 0 0 0 0 0 0 0 0 0 0 0 0 0 0 0 0 0 0 0 0 0 0
0 0 0 0 0 0 0 0 0 0 0 0 0 0 0 0 0 0 0 0 0 0 0 0 0 0 0 0 0 0 0 0 0 0
0 0 0 0 0 0 0 0 0 0 0 0 0 0 0 0 0 0 0 0 0 0 0 0 0 0 0 0 0 0 0 0 0 0
0 0 0 0 0 0 0 0 0 0 0 0 0 0 0 0 0 0 0 0 0 0 0 0 0 0 0 0 0 0 0 0 0 0
0 0 0 0 0 0 0 0 0 0 0 0 0 0 0 0 0 0 0 0 0 0 0 0 0 0 0 0 0 0 0 0 0 0
0 0 0 0 0 0 0 0 0 0 0 0 0 0 0 0 0 0 0 0 0 0 0 0 0 0 0 0 0 0 0 0 0 0
0 0 0 0 0 0 0 0 0 0 0 0 0 0 0 0 0 0 0 0 0 0 0 0 0 0 0 0 0 0 0 0 0 0
0 0 0 0 0 0 0 0 0 0 0 0 0 0 0 0 0 0 0 0 0 0 0 0 0 0 0 0 0 0 0 0 0 0
0 0 0 0 0 0 0 0 0 0 0 0 0 0 0 0 0 0 0 0 0 0 0 0 0 0 0 0 0 0 0 0 0 0
0 0 0 0 0 0 0 0 0 0 0 0 0 0 0 0 0 0 0 0 0 0 0 0 0 0 0 0 0 0 0 0 0 0
0 0 0 0 0 0 0 0 0 0 0 0 0 0 0 0 0 0 0 0 0 0 0 0 0 0 0 0 0 0 0 0 0 0
0 0 0 0 0 0 0 0 0 0 0 0 0 0 0 0 0 0 0 0 0 0 0 0 0 0 0 0 0 0 0 0 0 0
0 0 0 0 0 0 0 0 0 0 0 0 0 0 0 0 0 0 0 0 0 0 0 0 0 0 0 0 0 0 0 0 0 0
0 0 0 0 0 0 0 0 0 0 0 0 0 0 0 0 0 0 0 0 0 0 0 0 0 0 0 0 0 0 0 0 0 0
0 0 0 0 0 0 0 0 0 0 0 0 0 0 0 0 0 0 0 0 0 0 0 0 0 0 0 0 0 0 0 0 0 0
0 0 0 0 0 0 0 0 0 0 0 0 0 0 0 0 0 0 0 0 0 0 0 0 0 0 0 0 0 0 0 0 0 0
0 0 0 0 0 0 0 0 0 0 0 0 0 0 0 0 0 0 0 0 0 0 0 0 0 0 0 0 0 0 0 0 0 0
0 0 0 0 0 0 0 0 0 0 0 0 0 0 0 0 0 0 0 0 0 0 0 0 0 0 0 0 0 0 0 0 0 0
0 0 0 0 0 0 0 0 0 0 0 0 0 0 0 0 0 0 0 0 0 0 0 0 0 0 0 0 0 0 0 0 0 0
0 0 0 0 0 0 0 0 0 0 0 0 0 0 0 0 0 0 0 0 0 0 0 0 0 0 0 0 0 0 0 0 0 0
0 0 0 0 0 0 0 0 0 0 0 0 0 0 0 0 0 0 0 0 0 0 0 0 0 0 0 0 0 0 0 0 0 0
0 0 0 0 0 0 0 0 0 0 0 0 0 0 0 0 0 0 0 0 0 0 0 0 0 0 0 0 0 0 0 0 0 0
0 0 0 0 0 0 0 0 0 0 0 0 0 0 0 0 0 0 0 0 0 0 0 0 0 0 0 0 0 0 0 0 0 0
0 0 0 0 0 0 0 0 0 0 0 0 0 0 0 0 0 0 0 0 0 0 0 0 0 0 0 0 0 0 0 0 0 0
0 0 0 0 0 0 0 0 0 0 0 0 0 0 0 0 0 0 0 0 0 0 0 0 0 0 0 0 0 0 0 0 0 0
0 0 0 0 0 0 0 0 0 0 0 0 0 0 0 0 0 0 0 0 0 0 0 0 0 0 0 0 0 0 0 0 0 0
0 0 0 0 0 0 0 0 0 0 0 0 0 0 0 0 0 0 0 0 0 0 0 0 0 0 0 0 0 0 0 0 0 0
0 0 0 0 0 0 0 0 0 0 0 0 0 0 0 0 0 0 0 0 0 0 0 0 0 0 0 0 0 0 0 0 0 0
0 0 0 0 0 0 0 0 0 0 0 0 0 0 0 0 0 0 0 0 0 0 0 0 0 0 0 0 0 0 0 0 0 0
0 0 0 0 0 0 0 0 0 0 0 0 0 0 0 0 0 0 0 0 0 0 0 0 0 0 0 0 0 0 0 0 0 0
0 0 0 0 0 0 0 0 0 0 0 0 0 0 0 0 0 0 0 0 0 0 0 0 0 0 0 0 0 0 0 0 0 0
0 0 0 0 0 0 0 0 0 0 0 0 0 0 0 0 0 0 0 0 0 0 0 0 0 0 0 0 0 0 0 0 0 0
0 0 0 0 0 0 0 0 0 0 0 0 0 0 0 0 0 0 0 0 0 0 0 0 0 0 0 0 0 0 0 0 0 0
0 0 0 0 0 0 0 0 0 0 0 0 0 0 0 0 0 0 0 0 0 0 0 0 0 0 0 0 0 0 0 0 0 0
0 0 0 0 0 0 0 0 0 0 0 0 0 0 0 0 0 0 0 0 0 0 0 0 0 0 0 0 0 0 0 0 0 0
0 0 0 0 0 0 0 0 0 0 0 0 0 0 0 0 0 0 0 0 0 0 0 0 0 0 0 0 0 0 0 0 0 0
0 0 0 0 0 0 0 0 0 0 0 0 0 0 0 0 0 0 0 0 0 0 0 0 0 0 0 0 0 0 0 0 0 0
0 0 0 0 0 0 0 0 0 0 0 0 0 0 0 0 0 0 0 0 0 0 0 0 0 0 0 0 0 0 0 0 0 0
0 0 0 0 0 0 0 0 0 0 0 0 0 0 0 0 0 0 0 0 0 0 0 0 0 0 0 0 0 0 0 0 0 0
0 0 0 0 0 0 0 0 0 0 0 0 0 0 0 0 0 0 0 0 0 0 0 0 0 0 0 0 0 0 0 0 0 0
0 0 0 0 0 0 0 0 0 0 0 0 0 0 0 0 0 0 0 0;
song-LenOulip 11 16 0 0 0 0 0 0 0 0 0 0 0 0 0 0 0 0;
song-SeqOulip 32 116 114 97 110 113 117 105 108 108 101 79 95 95 95
95 95 95 95 95 95 95 95 95 95 95 95 95 95 95 95 95 95 16 0 0 0 0 0
0 0 0 0 0 0 0 0 0 0 0 0 0 0 0 0 0 0 0 0 0 0 0 0 0 0 0 0 0 0 0 0 0 0
0 0 0 0 0 0 0 0 0 0 0 0 0 0 0 0 0 0 0 0 0 0 0 0 0 0 0 0 0 0 0 0 0 0
0 0 0 0 0 0 0 0 0 0 0 0 0 0 0 0 0 0 0 0 0 0 0 0 0 0 0 0 0 0 0 0 0 0
0 0 0 0 0 0 0 0 0 0 0 0 0 0 0 0 0 0 0 0 0 0 0 0 0 0 0 0 0 0 0 0 0 0
0 0 0 0 0 0 0 0 0 0 0 0 0 0 0 0 0 0 0 0 0 0 0 0 0 0 0 0 0 0 0 0 0 0
0 0 0 0 0 0 0 0 0 0 0 0 0 0 0 0 0 0 0 0 0 0 0 0 0 0 0 0 0 0 0 0 0 0
0 0 0 0 0 0 0 0 0 0 0 0 0 0 0 0 0 0 0 0 0 0 0 0 0 0 0 0 0 0 0 0 0 0
0 0 0 0 0 0 0 0 0 0 0 0 0 0 0 0 0 0 0 0 0 0 0 0 0 0 0 0 0 0 0 0 0 0
0 0 0 0 0 0 0 0 0 0 0 0 0 0 0 0 0 0 0 0 0 0 0 0 0 0 0 0 0 0 0 0 0 0
0 0 0 0 0 0 0 0 0 0 0 0 0 0 0 0 0 0 0 0 0 0 0 0 0 0 0 0 0 0 0 0 0 0
0 0 0 0 0 0 0 0 0 0 0 0 0 0 0 0 0 0 0 0 0 0 0 0 0 0 0 0 0 0 0 0 0 0
0 0 0 0 0 0 0 0 0 0 0 0 0 0 0 0 0 0 0 0 0 0 0 0 0 0 0 0 0 0 0 0 0 0
0 0 0 0 0 0 0 0 0 0 0 0 0 0 0 0 0 0 0 0 0 0 0 0 0 0 0 0 0 0 0 0 0 0
0 0 0 0 0 0 0 0 0 0 0 0 0 0 0 0 0 0 0 0 0 0 0 0 0 0 0 0 0 0 0 0 0 0
0 0 0 0 0 0 0 0 0 0 0 0 0 0 0 0 0 0 0 0 0 0 0 0 0 0 0 0 0 0 0;
song-Len 10 16 0 0 0 0 0 0 0 0 0 0 0 0 0 0 0 0;
song-Seq 32 1 2 3 2 3 2 3 2 3 4 0 0 0 0 0 0 0 0 0 0 0 0 0 0 0 0 0 0
0 0 0 0 16 0 0 0 0 0 0 0 0 0 0 0 0 0 0 0 0 0 0 0 0 0 0 0 0 0 0 0 0
0 0 0 0 0 0 0 0 0 0 0 0 0 0 0 0 0 0 0 0 0 0 0 0 0 0 0 0 0 0 0 0 0 0
0 0 0 0 0 0 0 0 0 0 0 0 0 0 0 0 0 0 0 0 0 0 0 0 0 0 0 0 0 0 0 0 0 0
0 0 0 0 0 0 0 0 0 0 0 0 0 0 0 0 0 0 0 0 0 0 0 0 0 0 0 0 0 0 0 0 0 0
0 0 0 0 0 0 0 0 0 0 0 0 0 0 0 0 0 0 0 0 0 0 0 0 0 0 0 0 0 0 0 0 0 0
0 0 0 0 0 0 0 0 0 0 0 0 0 0 0 0 0 0 0 0 0 0 0 0 0 0 0 0 0 0 0 0 0 0
0 0 0 0 0 0 0 0 0 0 0 0 0 0 0 0 0 0 0 0 0 0 0 0 0 0 0 0 0 0 0 0 0 0
0 0 0 0 0 0 0 0 0 0 0 0 0 0 0 0 0 0 0 0 0 0 0 0 0 0 0 0 0 0 0 0 0 0
0 0 0 0 0 0 0 0 0 0 0 0 0 0 0 0 0 0 0 0 0 0 0 0 0 0 0 0 0 0 0 0 0 0
0 0 0 0 0 0 0 0 0 0 0 0 0 0 0 0 0 0 0 0 0 0 0 0 0 0 0 0 0 0 0 0 0 0
0 0 0 0 0 0 0 0 0 0 0 0 0 0 0 0 0 0 0 0 0 0 0 0 0 0 0 0 0 0 0 0 0 0
0 0 0 0 0 0 0 0 0 0 0 0 0 0 0 0 0 0 0 0 0 0 0 0 0 0 0 0 0 0 0 0 0 0
0 0 0 0 0 0 0 0 0 0 0 0 0 0 0 0 0 0 0 0 0 0 0 0 0 0 0 0 0 0 0 0 0 0
0 0 0 0 0 0 0 0 0 0 0 0 0 0 0 0 0 0 0 0 0 0 0 0 0 0 0 0 0 0 0 0 0 0
0 0 0 0 0 0 0 0 0 0 0 0 0 0 0 0 0 0 0 0 0 0 0 0 0 0 0 0 0 0 0 0 0 0
0 0 0 0 0 0 0 0;
intro-Seq 32 1 1 0 0 0 0 0 0 0 0 0 0 0 0 0 0 0 0 0 0 0 0 0 0 0 0 0
0 0 0 0 0 16 0 0 0 0 0 0 0 0 0 0 0 0 0 0 0 0 0 0 0 0 0 0 0 0 0 0 0
0 0 0 0 0 0 0 0 0 0 0 0 0 0 0 0 0 0 0 0 0 0 0 0 0 0 0 0 0 0 0 0 0 0
0 0 0 0 0 0 0 0 0 0 0 0 0 0 0 0 0 0 0 0 0 0 0 0 0 0 0 0 0 0 0 0 0 0
0 0 0 0 0 0 0 0 0 0 0 0 0 0 0 0 0 0 0 0 0 0 0 0 0 0 0 0 0 0 0 0 0 0
0 0 0 0 0 0 0 0 0 0 0 0 0 0 0 0 0 0 0 0 0 0 0 0 0 0 0 0 0 0 0 0 0 0
0 0 0 0 0 0 0 0 0 0 0 0 0 0 0 0 0 0 0 0 0 0 0 0 0 0 0 0 0 0 0 0 0 0
0 0 0 0 0 0 0 0 0 0 0 0 0 0 0 0 0 0 0 0 0 0 0 0 0 0 0 0 0 0 0 0 0 0
0 0 0 0 0 0 0 0 0 0 0 0 0 0 0 0 0 0 0 0 0 0 0 0 0 0 0 0 0 0 0 0 0 0
0 0 0 0 0 0 0 0 0 0 0 0 0 0 0 0 0 0 0 0 0 0 0 0 0 0 0 0 0 0 0 0 0 0
0 0 0 0 0 0 0 0 0 0 0 0 0 0 0 0 0 0 0 0 0 0 0 0 0 0 0 0 0 0 0 0 0 0
0 0 0 0 0 0 0 0 0 0 0 0 0 0 0 0 0 0 0 0 0 0 0 0 0 0 0 0 0 0 0 0 0 0
0 0 0 0 0 0 0 0 0 0 0 0 0 0 0 0 0 0 0 0 0 0 0 0 0 0 0 0 0 0 0 0 0 0
0 0 0 0 0 0 0 0 0 0 0 0 0 0 0 0 0 0 0 0 0 0 0 0 0 0 0 0 0 0 0 0 0 0
0 0 0 0 0 0 0 0 0 0 0 0 0 0 0 0 0 0 0 0 0 0 0 0 0 0 0 0 0 0 0 0 0 0
0 0 0 0 0 0 0 0 0 0 0 0 0 0 0 0 0 0 0 0 0 0 0 0 0 0 0 0 0 0 0 0 0 0
0 0 0 0 0 0 0 0 0;
intro-SeqOulip 32 97 98 95 95 95 95 95 95 95 95 95 95 95 95 95 95 95
95 95 95 95 95 95 95 95 95 95 95 95 95 95 95 16 0 0 0 0 0 0 0 0 0 0
0 0 0 0 0 0 0 0 0 0 0 0 0 0 0 0 0 0 0 0 0 0 0 0 0 0 0 0 0 0 0 0 0 0
0 0 0 0 0 0 0 0 0 0 0 0 0 0 0 0 0 0 0 0 0 0 0 0 0 0 0 0 0 0 0 0 0 0
0 0 0 0 0 0 0 0 0 0 0 0 0 0 0 0 0 0 0 0 0 0 0 0 0 0 0 0 0 0 0 0 0 0
0 0 0 0 0 0 0 0 0 0 0 0 0 0 0 0 0 0 0 0 0 0 0 0 0 0 0 0 0 0 0 0 0 0
0 0 0 0 0 0 0 0 0 0 0 0 0 0 0 0 0 0 0 0 0 0 0 0 0 0 0 0 0 0 0 0 0 0
0 0 0 0 0 0 0 0 0 0 0 0 0 0 0 0 0 0 0 0 0 0 0 0 0 0 0 0 0 0 0 0 0 0
0 0 0 0 0 0 0 0 0 0 0 0 0 0 0 0 0 0 0 0 0 0 0 0 0 0 0 0 0 0 0 0 0 0
0 0 0 0 0 0 0 0 0 0 0 0 0 0 0 0 0 0 0 0 0 0 0 0 0 0 0 0 0 0 0 0 0 0
0 0 0 0 0 0 0 0 0 0 0 0 0 0 0 0 0 0 0 0 0 0 0 0 0 0 0 0 0 0 0 0 0 0
0 0 0 0 0 0 0 0 0 0 0 0 0 0 0 0 0 0 0 0 0 0 0 0 0 0 0 0 0 0 0 0 0 0
0 0 0 0 0 0 0 0 0 0 0 0 0 0 0 0 0 0 0 0 0 0 0 0 0 0 0 0 0 0 0 0 0 0
0 0 0 0 0 0 0 0 0 0 0 0 0 0 0 0 0 0 0 0 0 0 0 0 0 0 0 0 0 0 0 0 0 0
0 0 0 0 0 0 0 0 0 0 0 0 0 0 0 0 0 0 0 0 0 0 0 0 0 0 0 0 0 0 0 0 0 0
0 0 0 0 0 0 0 0 0 0 0 0 0 0 0 0 0 0 0 0 0 0 0 0 0 0 0 0 0 0 0 0 0 0
0 0 0 0 0 0 0 0 0 0 0 0 0 0 0 0 0 0 0 0 0 0 0 0 0 0;
intro-LenOulip 2 16 0 0 0 0 0 0 0 0 0 0 0 0 0 0 0 0;
intro-Len 2 16 0 0 0 0 0 0 0 0 0 0 0 0 0 0 0 0;
outro-Seq 32 12 12 0 0 0 0 0 0 0 0 0 0 0 0 0 0 0 0 0 0 0 0 0 0 0 0
0 0 0 0 0 0 16 0 0 0 0 0 0 0 0 0 0 0 0 0 0 0 0 0 0 0 0 0 0 0 0 0 0
0 0 0 0 0 0 0 0 0 0 0 0 0 0 0 0 0 0 0 0 0 0 0 0 0 0 0 0 0 0 0 0 0 0
0 0 0 0 0 0 0 0 0 0 0 0 0 0 0 0 0 0 0 0 0 0 0 0 0 0 0 0 0 0 0 0 0 0
0 0 0 0 0 0 0 0 0 0 0 0 0 0 0 0 0 0 0 0 0 0 0 0 0 0 0 0 0 0 0 0 0 0
0 0 0 0 0 0 0 0 0 0 0 0 0 0 0 0 0 0 0 0 0 0 0 0 0 0 0 0 0 0 0 0 0 0
0 0 0 0 0 0 0 0 0 0 0 0 0 0 0 0 0 0 0 0 0 0 0 0 0 0 0 0 0 0 0 0 0 0
0 0 0 0 0 0 0 0 0 0 0 0 0 0 0 0 0 0 0 0 0 0 0 0 0 0 0 0 0 0 0 0 0 0
0 0 0 0 0 0 0 0 0 0 0 0 0 0 0 0 0 0 0 0 0 0 0 0 0 0 0 0 0 0 0 0 0 0
0 0 0 0 0 0 0 0 0 0 0 0 0 0 0 0 0 0 0 0 0 0 0 0 0 0 0 0 0 0 0 0 0 0
0 0 0 0 0 0 0 0 0 0 0 0 0 0 0 0 0 0 0 0 0 0 0 0 0 0 0 0 0 0 0 0 0 0
0 0 0 0 0 0 0 0 0 0 0 0 0 0 0 0 0 0 0 0 0 0 0 0 0 0 0 0 0 0 0 0 0 0
0 0 0 0 0 0 0 0 0 0 0 0 0 0 0 0 0 0 0 0 0 0 0 0 0 0 0 0 0 0 0 0 0 0
0 0 0 0 0 0 0 0 0 0 0 0 0 0 0 0 0 0 0 0 0 0 0 0 0 0 0 0 0 0 0 0 0 0
0 0 0 0 0 0 0 0 0 0 0 0 0 0 0 0 0 0 0 0 0 0 0 0 0 0 0 0 0 0 0 0 0 0
0 0 0 0 0 0 0 0 0 0 0 0 0 0 0 0 0 0 0 0 0 0 0 0 0 0 0 0 0 0 0 0 0 0
0 0 0 0 0 0 0 0 0 0;
outro-SeqOulip 32 115 97 114 100 95 95 95 0 0 0 0 0 0 0 0 0 0 0 0 0
0 0 0 0 0 0 0 0 0 0 0 0 16 0 0 0 0 0 0 0 0 0 0 0 0 0 0 0 0 0 0 0 0
0 0 0 0 0 0 0 0 0 0 0 0 0 0 0 0 0 0 0 0 0 0 0 0 0 0 0 0 0 0 0 0 0 0
0 0 0 0 0 0 0 0 0 0 0 0 0 0 0 0 0 0 0 0 0 0 0 0 0 0 0 0 0 0 0 0 0 0
0 0 0 0 0 0 0 0 0 0 0 0 0 0 0 0 0 0 0 0 0 0 0 0 0 0 0 0 0 0 0 0 0 0
0 0 0 0 0 0 0 0 0 0 0 0 0 0 0 0 0 0 0 0 0 0 0 0 0 0 0 0 0 0 0 0 0 0
0 0 0 0 0 0 0 0 0 0 0 0 0 0 0 0 0 0 0 0 0 0 0 0 0 0 0 0 0 0 0 0 0 0
0 0 0 0 0 0 0 0 0 0 0 0 0 0 0 0 0 0 0 0 0 0 0 0 0 0 0 0 0 0 0 0 0 0
0 0 0 0 0 0 0 0 0 0 0 0 0 0 0 0 0 0 0 0 0 0 0 0 0 0 0 0 0 0 0 0 0 0
0 0 0 0 0 0 0 0 0 0 0 0 0 0 0 0 0 0 0 0 0 0 0 0 0 0 0 0 0 0 0 0 0 0
0 0 0 0 0 0 0 0 0 0 0 0 0 0 0 0 0 0 0 0 0 0 0 0 0 0 0 0 0 0 0 0 0 0
0 0 0 0 0 0 0 0 0 0 0 0 0 0 0 0 0 0 0 0 0 0 0 0 0 0 0 0 0 0 0 0 0 0
0 0 0 0 0 0 0 0 0 0 0 0 0 0 0 0 0 0 0 0 0 0 0 0 0 0 0 0 0 0 0 0 0 0
0 0 0 0 0 0 0 0 0 0 0 0 0 0 0 0 0 0 0 0 0 0 0 0 0 0 0 0 0 0 0 0 0 0
0 0 0 0 0 0 0 0 0 0 0 0 0 0 0 0 0 0 0 0 0 0 0 0 0 0 0 0 0 0 0 0 0 0
0 0 0 0 0 0 0 0 0 0 0 0 0 0 0 0 0 0 0 0 0 0 0 0 0 0 0 0 0 0 0 0 0 0
0 0 0 0 0 0 0 0 0 0 0 0 0 0 0 0;
outro-LenOulip 4 16 0 0 0 0 0 0 0 0 0 0 0 0 0 0 0 0;
outro-Len 2 16 0 0 0 0 0 0 0 0 0 0 0 0 0 0 0 0;
refrain-Seq 32 4 4 5 6 0 0 0 0 0 0 0 0 0 0 0 0 0 0 0 0 0 0 0 0 0 0
0 0 0 0 0 0 16 0 0 0 0 0 0 0 0 0 0 0 0 0 0 0 0 0 0 0 0 0 0 0 0 0 0
0 0 0 0 0 0 0 0 0 0 0 0 0 0 0 0 0 0 0 0 0 0 0 0 0 0 0 0 0 0 0 0 0 0
0 0 0 0 0 0 0 0 0 0 0 0 0 0 0 0 0 0 0 0 0 0 0 0 0 0 0 0 0 0 0 0 0 0
0 0 0 0 0 0 0 0 0 0 0 0 0 0 0 0 0 0 0 0 0 0 0 0 0 0 0 0 0 0 0 0 0 0
0 0 0 0 0 0 0 0 0 0 0 0 0 0 0 0 0 0 0 0 0 0 0 0 0 0 0 0 0 0 0 0 0 0
0 0 0 0 0 0 0 0 0 0 0 0 0 0 0 0 0 0 0 0 0 0 0 0 0 0 0 0 0 0 0 0 0 0
0 0 0 0 0 0 0 0 0 0 0 0 0 0 0 0 0 0 0 0 0 0 0 0 0 0 0 0 0 0 0 0 0 0
0 0 0 0 0 0 0 0 0 0 0 0 0 0 0 0 0 0 0 0 0 0 0 0 0 0 0 0 0 0 0 0 0 0
0 0 0 0 0 0 0 0 0 0 0 0 0 0 0 0 0 0 0 0 0 0 0 0 0 0 0 0 0 0 0 0 0 0
0 0 0 0 0 0 0 0 0 0 0 0 0 0 0 0 0 0 0 0 0 0 0 0 0 0 0 0 0 0 0 0 0 0
0 0 0 0 0 0 0 0 0 0 0 0 0 0 0 0 0 0 0 0 0 0 0 0 0 0 0 0 0 0 0 0 0 0
0 0 0 0 0 0 0 0 0 0 0 0 0 0 0 0 0 0 0 0 0 0 0 0 0 0 0 0 0 0 0 0 0 0
0 0 0 0 0 0 0 0 0 0 0 0 0 0 0 0 0 0 0 0 0 0 0 0 0 0 0 0 0 0 0 0 0 0
0 0 0 0 0 0 0 0 0 0 0 0 0 0 0 0 0 0 0 0 0 0 0 0 0 0 0 0 0 0 0 0 0 0
0 0 0 0 0 0 0 0 0 0 0 0 0 0 0 0 0 0 0 0 0 0 0 0 0 0 0 0 0 0 0 0 0 0
0 0 0 0 0 0 0 0 0 0;
refrain-SeqOulip 32 114 111 110 95 95 95 95 95 0 0 0 0 0 0 0 0 0 0
0 0 0 0 0 0 0 0 0 0 0 0 0 0 16 0 0 0 0 0 0 0 0 0 0 0 0 0 0 0 0 0 0
0 0 0 0 0 0 0 0 0 0 0 0 0 0 0 0 0 0 0 0 0 0 0 0 0 0 0 0 0 0 0 0 0 0
0 0 0 0 0 0 0 0 0 0 0 0 0 0 0 0 0 0 0 0 0 0 0 0 0 0 0 0 0 0 0 0 0 0
0 0 0 0 0 0 0 0 0 0 0 0 0 0 0 0 0 0 0 0 0 0 0 0 0 0 0 0 0 0 0 0 0 0
0 0 0 0 0 0 0 0 0 0 0 0 0 0 0 0 0 0 0 0 0 0 0 0 0 0 0 0 0 0 0 0 0 0
0 0 0 0 0 0 0 0 0 0 0 0 0 0 0 0 0 0 0 0 0 0 0 0 0 0 0 0 0 0 0 0 0 0
0 0 0 0 0 0 0 0 0 0 0 0 0 0 0 0 0 0 0 0 0 0 0 0 0 0 0 0 0 0 0 0 0 0
0 0 0 0 0 0 0 0 0 0 0 0 0 0 0 0 0 0 0 0 0 0 0 0 0 0 0 0 0 0 0 0 0 0
0 0 0 0 0 0 0 0 0 0 0 0 0 0 0 0 0 0 0 0 0 0 0 0 0 0 0 0 0 0 0 0 0 0
0 0 0 0 0 0 0 0 0 0 0 0 0 0 0 0 0 0 0 0 0 0 0 0 0 0 0 0 0 0 0 0 0 0
0 0 0 0 0 0 0 0 0 0 0 0 0 0 0 0 0 0 0 0 0 0 0 0 0 0 0 0 0 0 0 0 0 0
0 0 0 0 0 0 0 0 0 0 0 0 0 0 0 0 0 0 0 0 0 0 0 0 0 0 0 0 0 0 0 0 0 0
0 0 0 0 0 0 0 0 0 0 0 0 0 0 0 0 0 0 0 0 0 0 0 0 0 0 0 0 0 0 0 0 0 0
0 0 0 0 0 0 0 0 0 0 0 0 0 0 0 0 0 0 0 0 0 0 0 0 0 0 0 0 0 0 0 0 0 0
0 0 0 0 0 0 0 0 0 0 0 0 0 0 0 0 0 0 0 0 0 0 0 0 0 0 0 0 0 0 0 0 0 0
0 0 0 0 0 0 0 0 0 0 0 0 0 0 0 0 0 0;
refrain-LenOulip 3 16 0 0 0 0 0 0 0 0 0 0 0 0 0 0 0 0;
refrain-Len 4 16 0 0 0 0 0 0 0 0 0 0 0 0 0 0 0 0;
couplet-Seq 32 1 2 3 4 0 0 0 0 0 0 0 0 0 0 0 0 0 0 0 0 0 0 0 0 0 0
0 0 0 0 0 0 16 0 0 0 0 0 0 0 0 0 0 0 0 0 0 0 0 0 0 0 0 0 0 0 0 0 0
0 0 0 0 0 0 0 0 0 0 0 0 0 0 0 0 0 0 0 0 0 0 0 0 0 0 0 0 0 0 0 0 0 0
0 0 0 0 0 0 0 0 0 0 0 0 0 0 0 0 0 0 0 0 0 0 0 0 0 0 0 0 0 0 0 0 0 0
0 0 0 0 0 0 0 0 0 0 0 0 0 0 0 0 0 0 0 0 0 0 0 0 0 0 0 0 0 0 0 0 0 0
0 0 0 0 0 0 0 0 0 0 0 0 0 0 0 0 0 0 0 0 0 0 0 0 0 0 0 0 0 0 0 0 0 0
0 0 0 0 0 0 0 0 0 0 0 0 0 0 0 0 0 0 0 0 0 0 0 0 0 0 0 0 0 0 0 0 0 0
0 0 0 0 0 0 0 0 0 0 0 0 0 0 0 0 0 0 0 0 0 0 0 0 0 0 0 0 0 0 0 0 0 0
0 0 0 0 0 0 0 0 0 0 0 0 0 0 0 0 0 0 0 0 0 0 0 0 0 0 0 0 0 0 0 0 0 0
0 0 0 0 0 0 0 0 0 0 0 0 0 0 0 0 0 0 0 0 0 0 0 0 0 0 0 0 0 0 0 0 0 0
0 0 0 0 0 0 0 0 0 0 0 0 0 0 0 0 0 0 0 0 0 0 0 0 0 0 0 0 0 0 0 0 0 0
0 0 0 0 0 0 0 0 0 0 0 0 0 0 0 0 0 0 0 0 0 0 0 0 0 0 0 0 0 0 0 0 0 0
0 0 0 0 0 0 0 0 0 0 0 0 0 0 0 0 0 0 0 0 0 0 0 0 0 0 0 0 0 0 0 0 0 0
0 0 0 0 0 0 0 0 0 0 0 0 0 0 0 0 0 0 0 0 0 0 0 0 0 0 0 0 0 0 0 0 0 0
0 0 0 0 0 0 0 0 0 0 0 0 0 0 0 0 0 0 0 0 0 0 0 0 0 0 0 0 0 0 0 0 0 0
0 0 0 0 0 0 0 0 0 0 0 0 0 0 0 0 0 0 0 0 0 0 0 0 0 0 0 0 0 0 0 0 0 0
0 0 0 0 0 0 0 0 0 0;
couplet-SeqOulip 32 108 101 103 101 95 95 0 0 0 0 0 0 0 0 0 0 0 0 0
0 0 0 0 0 0 0 0 0 0 0 0 0 16 0 0 0 0 0 0 0 0 0 0 0 0 0 0 0 0 0 0 0
0 0 0 0 0 0 0 0 0 0 0 0 0 0 0 0 0 0 0 0 0 0 0 0 0 0 0 0 0 0 0 0 0 0
0 0 0 0 0 0 0 0 0 0 0 0 0 0 0 0 0 0 0 0 0 0 0 0 0 0 0 0 0 0 0 0 0 0
0 0 0 0 0 0 0 0 0 0 0 0 0 0 0 0 0 0 0 0 0 0 0 0 0 0 0 0 0 0 0 0 0 0
0 0 0 0 0 0 0 0 0 0 0 0 0 0 0 0 0 0 0 0 0 0 0 0 0 0 0 0 0 0 0 0 0 0
0 0 0 0 0 0 0 0 0 0 0 0 0 0 0 0 0 0 0 0 0 0 0 0 0 0 0 0 0 0 0 0 0 0
0 0 0 0 0 0 0 0 0 0 0 0 0 0 0 0 0 0 0 0 0 0 0 0 0 0 0 0 0 0 0 0 0 0
0 0 0 0 0 0 0 0 0 0 0 0 0 0 0 0 0 0 0 0 0 0 0 0 0 0 0 0 0 0 0 0 0 0
0 0 0 0 0 0 0 0 0 0 0 0 0 0 0 0 0 0 0 0 0 0 0 0 0 0 0 0 0 0 0 0 0 0
0 0 0 0 0 0 0 0 0 0 0 0 0 0 0 0 0 0 0 0 0 0 0 0 0 0 0 0 0 0 0 0 0 0
0 0 0 0 0 0 0 0 0 0 0 0 0 0 0 0 0 0 0 0 0 0 0 0 0 0 0 0 0 0 0 0 0 0
0 0 0 0 0 0 0 0 0 0 0 0 0 0 0 0 0 0 0 0 0 0 0 0 0 0 0 0 0 0 0 0 0 0
0 0 0 0 0 0 0 0 0 0 0 0 0 0 0 0 0 0 0 0 0 0 0 0 0 0 0 0 0 0 0 0 0 0
0 0 0 0 0 0 0 0 0 0 0 0 0 0 0 0 0 0 0 0 0 0 0 0 0 0 0 0 0 0 0 0 0 0
0 0 0 0 0 0 0 0 0 0 0 0 0 0 0 0 0 0 0 0 0 0 0 0 0 0 0 0 0 0 0 0 0 0
0 0 0 0 0 0 0 0 0 0 0 0 0 0 0 0 0;
couplet-LenOulip 4 16 0 0 0 0 0 0 0 0 0 0 0 0 0 0 0 0;
couplet-Len 4 16 0 0 0 0 0 0 0 0 0 0 0 0 0 0 0 0;
