fader-8 0.313792 16 0.313792 0 0 0 0 0 0 0 0 0 0 0 0 0 0 0;
fader-9 0.417242 16 0.417242 0 0 0 0 0 0 0 0 0 0 0 0 0 0 0;
fader-7 0.286206 16 0.286206 0 0 0 0 0 0 0 0 0 0 0 0 0 0 0;
fader-6 0.27931 16 0.27931 0 0 0 0 0 0 0 0 0 0 0 0 0 0 0;
fader-5 0.427586 16 0.427586 0 0 0 0 0 0 0 0 0 0 0 0 0 0 0;
fader-4 0.203448 16 0.203448 0 0 0 0 0 0 0 0 0 0 0 0 0 0 0;
fader-3 0.675862 16 0.675862 0 0 0 0 0 0 0 0 0 0 0 0 0 0 0;
fader-2 0.789655 16 0.789655 0 0 0 0 0 0 0 0 0 0 0 0 0 0 0;
fader-1 0.596552 16 0.596552 0 0 0 0 0 0 0 0 0 0 0 0 0 0 0;
fade-0 0.710343 16 0.710343 0 0 0 0 0 0 0 0 0 0 0 0 0 0 0;
