fader-8 0.278793 16 0.278793 0 0 0 0 0 0 0 0 0 0 0 0 0 0 0;
fader-9 0.261552 16 0.261552 0 0 0 0 0 0 0 0 0 0 0 0 0 0 0;
fader-7 0.333965 16 0.333965 0 0 0 0 0 0 0 0 0 0 0 0 0 0 0;
fader-6 0.237414 16 0.237414 0 0 0 0 0 0 0 0 0 0 0 0 0 0 0;
fader-5 0.506379 16 0.506379 0 0 0 0 0 0 0 0 0 0 0 0 0 0 0;
fader-4 0.206379 16 0.206379 0 0 0 0 0 0 0 0 0 0 0 0 0 0 0;
fader-3 0.378793 16 0.378793 0 0 0 0 0 0 0 0 0 0 0 0 0 0 0;
fader-2 0.365 16 0.365 0 0 0 0 0 0 0 0 0 0 0 0 0 0 0;
fader-1 0.665 16 0.665 0 0 0 0 0 0 0 0 0 0 0 0 0 0 0;
fade-0 0.299482 16 0.299482 0 0 0 0 0 0 0 0 0 0 0 0 0 0 0;
