fader-8 0.331036 16 0.355173 0.324139 0.355173 0.324139 0.396553 0.331036
0 0 0 0 0 0 0 0 0 0;
fader-9 0.178793 16 0.365 0.313276 0.313276 0.313276 0.313276 0.178793
0 0 0 0 0 0 0 0 0 0;
fader-7 0.413793 16 0.437931 0.351724 0.434483 0.351724 0.351724 0.413793
0 0 0 0 0 0 0 0 0 0;
fader-6 0.244828 16 0 0.362069 0.444828 0.362069 0.362069 0.244828
0 0 0 0 0 0 0 0 0 0;
fader-5 0.465517 16 0.475344 0.299482 0.578792 0.678792 0.730516 0.465517
0 0 0 0 0 0 0 0 0 0;
fader-4 0.227586 16 0.372414 0.372414 0.372414 0.372414 0.372414 0.227586
0 0 0 0 0 0 0 0 0 0;
fader-3 0.478793 16 0.399483 0.340862 0.340862 0.609828 0.740862 0.478793
0 0 0 0 0 0 0 0 0 0;
fader-2 0.52362 16 0.52362 0.340861 0.561551 0.32362 0.661551 0.52362
0 0 0 0 0 0 0 0 0 0;
fader-1 0.316724 16 0.482241 0.316724 0.316724 0.316724 0.316724 0.316724
0 0 0 0 0 0 0 0 0 0;
fade-0 0.393102 16 0.431033 0.355171 0.558619 0.682757 0.441378 0.393102
0 0 0 0 0 0 0 0 0 0;
