fader-8 0.337414 16 0.337414 0 0 0 0 0 0 0 0 0 0 0 0 0 0 0;
fader-9 0.175345 16 0.175345 0 0 0 0 0 0 0 0 0 0 0 0 0 0 0;
fader-7 0.447759 16 0.447759 0 0 0 0 0 0 0 0 0 0 0 0 0 0 0;
fader-6 0.313275 16 0.313275 0 0 0 0 0 0 0 0 0 0 0 0 0 0 0;
fader-5 0.489138 16 0.489138 0 0 0 0 0 0 0 0 0 0 0 0 0 0 0;
fader-4 0.24431 16 0.24431 0 0 0 0 0 0 0 0 0 0 0 0 0 0 0;
fader-3 0.596035 16 0.596035 0 0 0 0 0 0 0 0 0 0 0 0 0 0 0;
fader-2 0.620172 16 0.620172 0 0 0 0 0 0 0 0 0 0 0 0 0 0 0;
fader-1 0.382241 16 0.382241 0 0 0 0 0 0 0 0 0 0 0 0 0 0 0;
fade-0 0.416725 16 0.416725 0 0 0 0 0 0 0 0 0 0 0 0 0 0 0;
