fader-8 0.299483 16 0.299483 0 0 0 0 0 0 0 0 0 0 0 0 0 0 0;
fader-9 0.665 16 0.665 0 0 0 0 0 0 0 0 0 0 0 0 0 0 0;
fader-7 0.347759 16 0.347759 0 0 0 0 0 0 0 0 0 0 0 0 0 0 0;
fader-6 0.306379 16 0.306379 0 0 0 0 0 0 0 0 0 0 0 0 0 0 0;
fader-5 0.213276 16 0.213276 0 0 0 0 0 0 0 0 0 0 0 0 0 0 0;
fader-4 0.665 16 0.665 0 0 0 0 0 0 0 0 0 0 0 0 0 0 0;
fader-3 0.309828 16 0.309828 0 0 0 0 0 0 0 0 0 0 0 0 0 0 0;
fader-2 0.496034 16 0.496034 0 0 0 0 0 0 0 0 0 0 0 0 0 0 0;
fader-1 0.665 16 0.665 0 0 0 0 0 0 0 0 0 0 0 0 0 0 0;
fade-0 0.24431 16 0.24431 0 0 0 0 0 0 0 0 0 0 0 0 0 0 0;
