fader-8 0.17931 16 0.17931 0 0 0 0 0 0 0 0 0 0 0 0 0 0 0;
fader-9 0.175862 16 0.175862 0 0 0 0 0 0 0 0 0 0 0 0 0 0 0;
fader-7 0.355172 16 0.355172 0 0 0 0 0 0 0 0 0 0 0 0 0 0 0;
fader-6 0.3 16 0.3 0 0 0 0 0 0 0 0 0 0 0 0 0 0 0;
fader-5 0.562069 16 0.562069 0 0 0 0 0 0 0 0 0 0 0 0 0 0 0;
fader-4 0.258621 16 0.258621 0 0 0 0 0 0 0 0 0 0 0 0 0 0 0;
fader-3 0.675862 16 0.675862 0 0 0 0 0 0 0 0 0 0 0 0 0 0 0;
fader-2 0.558621 16 0.558621 0 0 0 0 0 0 0 0 0 0 0 0 0 0 0;
fader-1 0.237931 16 0.237931 0 0 0 0 0 0 0 0 0 0 0 0 0 0 0;
fade-0 0.686207 16 0.686207 0 0 0 0 0 0 0 0 0 0 0 0 0 0 0;
