fader-8 0.361552 16 0.361552 0 0 0 0 0 0 0 0 0 0 0 0 0 0 0;
fader-9 0.175345 16 0.175345 0 0 0 0 0 0 0 0 0 0 0 0 0 0 0;
fader-7 0.38569 16 0.38569 0 0 0 0 0 0 0 0 0 0 0 0 0 0 0;
fader-6 0.402931 16 0.402931 0 0 0 0 0 0 0 0 0 0 0 0 0 0 0;
fader-5 0.668448 16 0.668448 0 0 0 0 0 0 0 0 0 0 0 0 0 0 0;
fader-4 0.24431 16 0.24431 0 0 0 0 0 0 0 0 0 0 0 0 0 0 0;
fader-3 0.420173 16 0.420173 0 0 0 0 0 0 0 0 0 0 0 0 0 0 0;
fader-2 0.251208 16 0.251208 0 0 0 0 0 0 0 0 0 0 0 0 0 0 0;
fader-1 0.382241 16 0.382241 0 0 0 0 0 0 0 0 0 0 0 0 0 0 0;
fade-0 0.637413 16 0.637413 0 0 0 0 0 0 0 0 0 0 0 0 0 0 0;
