fader-8 0.502931 16 0.502931 0 0 0 0 0 0 0 0 0 0 0 0 0 0 0;
fader-9 0.154655 16 0.154655 0 0 0 0 0 0 0 0 0 0 0 0 0 0 0;
fader-7 0.368449 16 0.368449 0 0 0 0 0 0 0 0 0 0 0 0 0 0 0;
fader-6 0.306379 16 0.306379 0 0 0 0 0 0 0 0 0 0 0 0 0 0 0;
fader-5 0.527069 16 0.527069 0 0 0 0 0 0 0 0 0 0 0 0 0 0 0;
fader-4 0.189138 16 0.189138 0 0 0 0 0 0 0 0 0 0 0 0 0 0 0;
fader-3 0.575345 16 0.575345 0 0 0 0 0 0 0 0 0 0 0 0 0 0 0;
fader-2 0.496034 16 0.496034 0 0 0 0 0 0 0 0 0 0 0 0 0 0 0;
fader-1 0.220172 16 0.220172 0 0 0 0 0 0 0 0 0 0 0 0 0 0 0;
fade-0 0.665 16 0.665 0 0 0 0 0 0 0 0 0 0 0 0 0 0 0;
